21
3 6
7 7
10 6
6 6
9 6
8 5
6 5
7 3
5 4
7 4
3 7
5 7
11 6
9 5
3 4
7 5
7 6
6 4
8 4
5 5
8 6
11
0 3 6
0 7 7
0 10 6
2 3 6
0 6 6
0 9 6
1 8 5
1 6 5
0 7 3
1 5 4
0 7 4
8
2 3 7
2 5 7
1 11 6
1 9 5
0 3 4
0 7 5
0 7 6
0 6 4
26
2 1 7 4 1 7 3 
2 2 8 4 2 7 4 
8 0 8 4 0 8 3 0 8 2 0 7 2 0 6 2 0 6 3 0 5 3 0 5 4 
2 3 8 5 3 8 4 
5 3 5 5 3 6 5 3 7 5 3 7 4 3 8 4 
10 0 3 7 0 3 8 0 4 8 0 5 8 0 6 8 0 7 8 0 8 8 0 8 7 0 8 6 0 8 5 
8 0 5 7 0 5 8 0 6 8 0 7 8 0 8 8 0 8 7 0 8 6 0 8 5 
5 0 11 6 0 11 5 0 10 5 0 9 5 0 8 5 
2 0 9 5 0 8 5 
2 0 5 5 0 6 5 
4 2 3 4 2 3 5 2 4 5 2 5 5 
3 2 7 5 2 6 5 2 5 5 
4 2 7 6 2 7 5 2 6 5 2 5 5 
3 2 6 4 2 6 5 2 5 5 
3 3 9 5 3 9 6 3 8 6 
9 3 6 4 3 6 3 3 7 3 3 8 3 3 9 3 3 9 4 3 9 5 3 9 6 3 8 6 
3 1 5 7 1 5 6 1 6 6 
3 1 7 5 1 7 6 1 6 6 
3 2 6 6 2 6 7 2 7 7 
3 2 8 6 2 8 7 2 7 7 
2 1 3 7 1 3 6 
3 1 3 4 1 3 5 1 3 6 
2 3 11 6 3 10 6 
6 3 7 6 3 7 7 3 8 7 3 9 7 3 10 7 3 10 6 
2 1 10 6 1 9 6 
2 1 8 6 1 9 6 
