23
4 6
6 3
5 8
3 5
7 5
4 2
9 7
10 5
7 2
8 8
6 4
3 4
5 2
7 6
7 7
5 7
8 5
8 6
8 7
3 6
4 4
4 7
4 5
19
1 4 6
1 6 3
0 5 8
1 3 5
2 7 5
1 4 2
0 9 7
0 10 5
0 7 2
1 8 8
0 6 4
2 3 4
1 10 5
1 5 2
1 9 7
2 3 5
1 5 8
0 7 6
0 7 7
1
0 5 7
25
3 2 8 5 2 9 5 2 10 5 
5 3 8 5 3 8 4 3 8 3 3 8 2 3 7 2 
2 0 8 6 0 8 5 
2 0 4 2 0 5 2 
6 0 7 5 0 7 4 0 7 3 0 6 3 0 6 2 0 5 2 
3 0 6 3 0 6 2 0 5 2 
6 0 4 6 0 5 6 0 5 5 0 5 4 0 5 3 0 5 2 
4 2 7 2 2 6 2 2 5 2 2 4 2 
2 3 8 7 3 9 7 
4 1 8 7 1 8 6 1 8 5 1 7 5 
2 2 3 6 2 4 6 
5 0 3 4 0 2 4 0 2 5 0 2 6 0 3 6 
2 1 4 4 1 3 4 
12 0 4 7 0 3 7 0 2 7 0 1 7 0 1 6 0 1 5 0 1 4 0 1 3 0 2 3 0 3 3 0 4 3 0 4 4 
2 1 5 7 1 4 7 
5 3 3 6 3 3 7 3 3 8 3 4 8 3 5 8 
2 2 4 4 2 4 5 
4 3 5 7 3 5 6 3 6 6 3 7 6 
2 2 7 6 2 8 6 
7 3 8 6 3 9 6 3 10 6 3 10 7 3 10 8 3 9 8 3 8 8 
2 0 8 8 0 8 7 
4 1 4 5 1 5 5 1 5 4 1 6 4 
2 3 6 4 3 6 3 
2 0 4 5 0 3 5 
4 2 4 7 2 5 7 2 6 7 2 7 7 
