45
5 4
7 10
4 8
6 8
2 10
0 10
7 9
10 5
2 4
5 3
1 9
7 8
8 9
2 5
7 7
5 7
9 10
9 7
8 7
6 9
9 6
3 4
0 9
5 5
5 6
9 8
4 6
9 9
8 8
10 6
2 7
3 9
2 9
8 10
4 7
6 5
5 9
6 6
7 6
2 6
6 7
3 6
6 10
5 8
8 6
22
0 5 4
0 7 10
0 4 8
0 6 8
0 2 10
1 4 8
0 0 10
0 7 9
1 2 10
0 10 5
1 2 4
0 5 3
1 1 9
2 7 8
0 8 9
0 2 5
2 7 7
0 5 7
0 9 10
1 9 7
1 8 7
2 1 9
5
1 6 9
1 9 6
2 3 4
2 0 9
2 5 5
36
2 1 0 9 1 0 10 
12 2 4 6 2 4 5 2 4 4 2 5 4 2 6 4 2 6 5 2 7 5 2 8 5 2 8 6 2 8 7 2 9 7 2 9 8 
4 1 3 4 1 3 5 1 3 6 1 4 6 
2 1 9 8 1 8 8 
2 0 8 8 0 8 7 
2 3 9 9 3 9 10 
2 0 9 6 0 10 6 
5 3 2 7 3 1 7 3 1 6 3 1 5 3 2 5 
5 0 3 9 0 3 8 0 2 8 0 1 8 0 1 9 
2 0 0 9 0 1 9 
2 1 2 9 1 3 9 
2 2 8 10 2 8 9 
7 3 5 9 3 5 10 3 5 11 3 6 11 3 7 11 3 7 10 3 8 10 
2 0 6 9 0 5 9 
2 3 10 6 3 10 5 
2 3 9 8 3 9 7 
2 0 3 4 0 2 4 
11 1 5 5 1 4 5 1 4 4 1 4 3 1 5 3 1 6 3 1 6 4 1 7 4 1 7 5 1 7 6 1 6 6 
2 3 6 6 3 6 5 
2 2 6 6 2 7 6 
2 0 5 5 0 5 6 
2 2 2 7 2 2 6 
2 2 4 7 2 5 7 
2 0 6 7 0 7 7 
13 3 9 6 3 9 5 3 9 4 3 8 4 3 7 4 3 6 4 3 5 4 3 5 5 3 4 5 3 4 6 3 4 7 3 5 7 3 6 7 
4 2 2 4 2 2 5 2 3 5 2 3 6 
2 2 2 9 2 2 10 
4 1 5 9 1 5 8 1 6 8 1 7 8 
12 1 9 9 1 9 10 1 9 11 1 8 11 1 7 11 1 6 11 1 5 11 1 5 10 1 5 9 1 5 8 1 6 8 1 7 8 
2 2 6 9 2 6 10 
3 3 6 10 3 6 9 3 7 9 
9 2 7 9 2 7 10 2 7 11 2 6 11 2 5 11 2 5 10 2 5 9 2 5 8 2 6 8 
2 2 5 8 2 6 8 
2 1 6 10 1 7 10 
2 3 5 8 3 4 8 
3 3 3 9 3 3 8 3 4 8 
