21
9 5
6 5
7 5
8 5
6 4
8 8
8 7
11 6
8 6
11 5
10 8
9 7
7 7
6 7
9 4
9 6
7 4
6 6
10 6
10 5
5 6
12
1 9 5
1 6 5
1 7 5
2 9 5
1 8 5
0 6 4
0 8 8
0 8 7
0 11 6
2 8 8
0 8 6
0 11 5
10
2 10 8
0 9 7
2 7 7
0 6 7
2 9 4
0 9 6
2 7 4
0 6 6
1 10 6
0 10 5
25
21 0 10 8 0 10 9 0 9 9 0 8 9 0 7 9 0 7 8 0 6 8 0 5 8 0 5 7 0 4 7 0 4 6 0 4 5 0 4 4 0 4 3 0 5 3 0 6 3 0 7 3 0 8 3 0 8 4 0 9 4 0 9 5 
2 0 9 4 0 9 5 
23 0 10 6 0 10 7 0 10 8 0 10 9 0 9 9 0 8 9 0 7 9 0 7 8 0 6 8 0 5 8 0 5 7 0 4 7 0 4 6 0 4 5 0 4 4 0 4 3 0 5 3 0 6 3 0 7 3 0 8 3 0 8 4 0 9 4 0 9 5 
3 1 10 8 1 9 8 1 8 8 
3 1 9 7 1 9 8 1 8 8 
3 1 7 7 1 7 8 1 8 8 
4 1 6 7 1 6 8 1 7 8 1 8 8 
3 0 5 6 0 5 5 0 6 5 
4 2 9 7 2 9 6 2 8 6 2 8 5 
3 2 9 6 2 8 6 2 8 5 
5 2 10 5 2 10 6 2 9 6 2 8 6 2 8 5 
2 1 11 6 1 11 5 
2 3 10 6 3 11 6 
3 3 10 5 3 10 6 3 11 6 
3 0 7 7 0 7 6 0 7 5 
2 0 7 4 0 7 5 
3 3 7 5 3 7 4 3 6 4 
4 3 5 6 3 5 5 3 5 4 3 6 4 
10 1 9 4 1 8 4 1 7 4 1 6 4 1 5 4 1 5 5 1 5 6 1 6 6 1 7 6 1 8 6 
2 1 9 6 1 8 6 
8 1 7 4 1 6 4 1 5 4 1 5 5 1 5 6 1 6 6 1 7 6 1 8 6 
3 1 6 6 1 7 6 1 8 6 
2 3 8 6 3 8 7 
3 2 6 7 2 6 6 2 5 6 
2 2 6 6 2 5 6 
