24
3 7
7 7
3 5
8 6
3 2
5 9
4 6
5 7
2 5
5 4
7 6
4 9
4 5
4 8
4 7
3 6
6 5
6 7
2 4
3 4
3 3
5 6
4 4
5 5
9
0 3 7
0 7 7
1 3 5
1 3 7
0 8 6
0 3 2
1 5 9
1 3 2
0 4 6
3
2 5 7
0 2 5
2 5 4
24
2 1 7 6 1 7 7 
2 3 7 6 3 8 6 
4 3 4 9 3 3 9 3 3 8 3 3 7 
6 3 4 5 3 3 5 3 2 5 3 2 6 3 2 7 3 3 7 
8 1 5 7 1 5 8 1 6 8 1 6 9 1 6 10 1 5 10 1 4 10 1 4 9 
2 1 4 7 1 4 8 
3 2 3 6 2 3 5 2 4 5 
11 2 6 5 2 6 6 2 6 7 2 6 8 2 5 8 2 4 8 2 4 7 2 3 7 2 3 6 2 3 5 2 4 5 
3 0 6 7 0 6 6 0 7 6 
15 0 3 6 0 2 6 0 2 7 0 2 8 0 2 9 0 2 10 0 3 10 0 4 10 0 5 10 0 6 10 0 6 9 0 6 8 0 6 7 0 6 6 0 7 6 
3 0 6 5 0 6 6 0 7 6 
4 3 4 8 3 5 8 3 5 7 3 6 7 
3 3 4 7 3 4 6 3 3 6 
2 0 5 7 0 4 7 
2 2 2 5 2 2 4 
3 0 2 4 0 2 3 0 3 3 
4 2 4 4 2 4 3 2 4 2 2 3 2 
5 2 3 4 2 4 4 2 4 3 2 4 2 2 3 2 
2 3 5 5 3 6 5 
6 1 2 5 1 2 6 1 3 6 1 4 6 1 4 5 1 5 5 
6 1 4 4 1 5 4 1 6 4 1 6 5 1 6 6 1 5 6 
5 1 5 4 1 6 4 1 6 5 1 6 6 1 5 6 
2 2 5 6 2 4 6 
2 0 4 5 0 3 5 
