34
8 5
6 8
2 5
7 6
7 5
5 7
2 4
8 6
5 3
5 6
10 5
8 4
5 10
6 6
4 1
6 3
10 7
4 2
8 3
6 1
5 9
7 7
3 3
5 5
9 7
4 3
9 4
7 9
6 11
3 8
4 5
6 5
5 8
5 4
17
0 8 5
0 6 8
0 2 5
1 7 6
0 7 5
0 5 7
0 2 4
1 8 6
1 7 5
1 5 7
0 5 3
0 5 6
0 10 5
0 8 4
0 5 10
0 6 6
1 6 8
16
0 4 1
0 6 3
0 10 7
1 4 2
0 8 3
1 6 1
0 5 9
0 7 7
0 3 3
0 5 5
0 9 7
1 4 3
0 9 4
1 7 9
0 6 11
0 3 8
36
2 1 8 3 1 8 4 
2 1 9 4 1 8 4 
2 0 7 6 0 8 6 
5 3 10 5 3 10 6 3 9 6 3 8 6 3 7 6 
27 3 4 5 3 3 5 3 2 5 3 1 5 3 1 4 3 1 3 3 1 2 3 1 1 3 1 0 3 2 0 3 3 0 3 4 0 3 5 0 3 5 1 3 5 2 3 6 2 3 7 2 3 8 2 3 9 2 3 9 3 3 10 3 3 10 4 3 10 5 3 10 6 3 9 6 3 8 6 3 7 6 
3 1 10 7 1 10 6 1 10 5 
4 1 9 7 1 9 6 1 9 5 1 10 5 
4 0 4 2 0 4 3 0 4 4 0 4 5 
3 0 4 3 0 4 4 0 4 5 
3 3 8 4 3 8 5 3 7 5 
2 3 6 5 3 7 5 
7 0 6 1 0 6 2 0 7 2 0 7 3 0 7 4 0 6 4 0 6 5 
20 0 7 9 0 7 8 0 8 8 0 9 8 0 10 8 0 11 8 0 11 7 0 11 6 0 11 5 0 11 4 0 11 3 0 11 2 0 10 2 0 9 2 0 8 2 0 7 2 0 7 3 0 7 4 0 6 4 0 6 5 
6 3 5 10 3 4 10 3 4 9 3 4 8 3 4 7 3 5 7 
2 3 5 8 3 5 7 
3 3 5 9 3 6 9 3 6 8 
3 3 7 7 3 7 8 3 6 8 
5 3 9 7 3 9 8 3 8 8 3 7 8 3 6 8 
3 3 7 9 3 7 8 3 6 8 
2 1 5 9 1 5 10 
3 1 6 11 1 6 10 1 5 10 
4 2 7 7 2 7 8 2 6 8 2 5 8 
3 2 3 8 2 4 8 2 5 8 
3 1 6 3 1 6 4 1 5 4 
2 1 5 5 1 5 4 
3 1 4 5 1 4 6 1 5 6 
5 1 5 8 1 4 8 1 4 7 1 4 6 1 5 6 
20 3 10 7 3 10 8 3 10 9 3 10 10 3 10 11 3 9 11 3 8 11 3 7 11 3 6 11 3 5 11 3 4 11 3 3 11 3 3 10 3 3 9 3 3 8 3 3 7 3 3 6 3 4 6 3 5 6 3 6 6 
32 3 6 1 3 7 1 3 8 1 3 9 1 3 10 1 3 10 2 3 11 2 3 11 3 3 11 4 3 11 5 3 11 6 3 11 7 3 11 8 3 11 9 3 11 10 3 11 11 3 10 11 3 9 11 3 8 11 3 7 11 3 6 11 3 5 11 3 4 11 3 3 11 3 3 10 3 3 9 3 3 8 3 3 7 3 3 6 3 4 6 3 5 6 3 6 6 
12 3 6 11 3 5 11 3 4 11 3 3 11 3 3 10 3 3 9 3 3 8 3 3 7 3 3 6 3 4 6 3 5 6 3 6 6 
6 3 3 8 3 3 7 3 3 6 3 4 6 3 5 6 3 6 6 
4 1 4 1 1 5 1 1 5 2 1 5 3 
7 1 3 3 1 3 2 1 3 1 1 4 1 1 5 1 1 5 2 1 5 3 
5 3 5 3 3 5 4 3 4 4 3 3 4 3 2 4 
4 3 5 4 3 4 4 3 3 4 3 2 4 
2 2 2 4 2 2 5 
