81
7 1
9 0
1 6
0 5
0 3
7 9
3 11
6 10
10 8
10 11
10 7
10 9
2 9
7 6
2 10
8 6
2 0
5 0
5 7
5 6
4 8
1 0
6 0
6 6
10 4
9 5
7 4
10 5
9 7
6 5
5 9
4 10
6 9
1 2
1 3
2 3
3 7
3 6
9 9
5 10
6 3
5 3
8 3
5 2
6 2
6 4
6 1
2 1
4 2
3 2
8 4
7 5
8 1
1 4
0 4
2 6
2 5
8 5
5 5
8 2
10 2
9 3
10 6
9 2
9 1
10 3
9 4
5 8
3 0
5 4
4 1
3 5
4 5
5 11
4 11
3 10
7 3
7 2
1 5
2 4
2 7
34
0 7 1
1 9 0
1 1 6
0 0 5
2 1 6
1 0 3
0 7 9
1 3 11
0 6 10
2 3 11
0 10 8
0 10 11
0 10 7
0 10 9
0 2 9
1 7 6
0 2 10
0 8 6
1 7 1
2 9 0
0 2 0
0 5 0
1 5 7
1 5 6
0 4 8
2 5 6
2 1 0
0 6 0
0 6 6
0 10 4
0 9 5
0 7 4
0 10 5
2 9 7
1
2 6 5
73
3 3 4 10 3 4 9 3 5 9 
2 2 6 9 2 7 9 
2 0 1 3 0 1 2 
2 2 2 3 2 1 3 
6 0 3 7 0 3 6 0 3 5 0 3 4 0 3 3 0 2 3 
5 0 3 6 0 3 5 0 3 4 0 3 3 0 2 3 
2 3 10 8 3 10 7 
3 1 9 9 1 9 8 1 10 8 
3 3 10 9 3 10 10 3 10 11 
2 2 9 9 2 10 9 
7 0 5 9 0 6 9 0 6 8 0 7 8 0 8 8 0 8 9 0 9 9 
8 0 5 10 0 5 9 0 6 9 0 6 8 0 7 8 0 8 8 0 8 9 0 9 9 
2 2 5 3 2 6 3 
4 3 5 3 3 6 3 3 7 3 3 8 3 
2 0 6 2 0 5 2 
4 1 6 1 1 5 1 1 5 2 1 5 3 
4 3 4 2 3 4 1 3 3 1 3 2 1 
5 3 5 2 3 5 1 3 4 1 3 3 1 3 2 1 
2 2 4 2 2 3 2 
15 2 6 4 2 7 4 2 8 4 2 9 4 2 10 4 2 10 3 2 11 3 2 11 2 2 11 1 2 10 1 2 9 1 2 8 1 2 7 1 2 6 1 2 6 2 
2 2 6 1 2 6 2 
3 0 1 4 0 1 5 0 1 6 
2 2 0 4 2 0 5 
2 0 2 5 0 2 6 
2 0 6 5 0 5 5 
3 1 6 5 1 7 5 1 8 5 
2 3 8 2 3 8 1 
3 2 9 3 2 9 2 2 10 2 
7 1 10 2 1 11 2 1 11 3 1 11 4 1 11 5 1 11 6 1 10 6 
3 0 10 6 0 9 6 0 9 7 
3 2 10 6 2 10 5 2 9 5 
2 0 10 2 0 9 2 
3 0 8 3 0 9 3 0 9 2 
2 1 9 2 1 9 1 
2 3 9 3 3 10 3 
2 0 5 8 0 5 7 
2 1 1 0 1 2 0 
2 2 5 0 2 6 0 
3 1 3 0 1 4 0 1 5 0 
2 3 5 8 3 4 8 
5 0 5 4 0 4 4 0 4 5 0 4 6 0 5 6 
3 1 3 2 1 3 1 1 4 1 
2 3 4 5 3 3 5 
3 2 3 5 2 3 6 2 3 7 
4 2 2 5 2 2 6 2 3 6 2 3 7 
4 3 5 11 3 5 10 3 6 10 3 6 9 
2 1 6 9 1 6 10 
2 1 4 11 1 5 11 
2 1 5 10 1 5 11 
2 1 3 10 1 4 10 
2 0 4 10 0 4 11 
4 3 3 7 3 3 8 3 3 9 3 3 10 
5 3 3 6 3 3 7 3 3 8 3 3 9 3 3 10 
3 2 3 10 2 4 10 2 5 10 
2 3 10 4 3 10 5 
2 3 9 5 3 10 5 
2 1 9 4 1 10 4 
5 1 9 7 1 8 7 1 7 7 1 6 7 1 6 6 
2 0 9 1 0 9 0 
2 1 6 3 1 7 3 
2 3 7 2 3 7 1 
6 3 9 2 3 9 1 3 9 0 3 8 0 3 7 0 3 7 1 
2 2 7 3 2 7 2 
3 1 4 5 1 4 6 1 3 6 
2 1 2 6 1 3 6 
8 3 2 3 3 2 2 3 1 2 3 0 2 3 0 3 3 0 4 3 0 5 3 1 5 
3 1 1 5 1 2 5 1 2 4 
2 1 2 10 1 2 9 
2 2 1 5 2 1 4 
2 1 1 4 1 0 4 
2 0 0 4 0 0 3 
2 3 7 6 3 8 6 
4 2 2 7 2 2 8 2 2 9 2 2 10 
