33
1 1
7 5
3 3
9 1
4 1
10 8
8 3
7 8
2 1
9 5
0 4
0 3
2 2
5 2
10 3
4 5
8 7
3 2
11 5
1 5
2 11
3 4
5 9
0 0
1 11
9 3
8 8
3 1
10 5
1 4
0 2
2 3
4 2
33
0 1 1
0 7 5
0 3 3
0 9 1
0 4 1
0 10 8
0 8 3
1 7 8
1 2 1
1 9 5
1 0 4
1 0 3
1 2 2
0 5 2
1 10 3
0 4 5
0 8 7
0 3 2
0 11 5
0 1 5
1 1 1
1 3 3
1 4 1
2 10 3
0 2 11
1 8 7
0 3 4
1 3 2
0 5 9
1 11 5
0 0 0
1 1 5
0 1 11
16
2 9 3
1 8 8
1 3 1
1 2 11
1 10 5
1 3 4
1 1 4
1 5 9
1 0 2
1 0 0
1 2 3
1 1 11
0 4 2
1 7 5
1 9 1
1 10 8
24
2 2 4 2 2 4 1 
2 1 4 2 1 5 2 
2 0 2 3 0 2 2 
2 2 2 3 2 3 3 
3 2 0 2 2 0 1 2 1 1 
2 0 0 2 0 0 3 
2 2 8 8 2 8 7 
2 0 9 3 0 10 3 
7 2 8 3 2 8 4 2 8 5 2 7 5 2 6 5 2 5 5 2 4 5 
7 2 7 8 2 7 7 2 7 6 2 7 5 2 6 5 2 5 5 2 4 5 
11 2 2 1 2 2 0 2 3 0 2 4 0 2 5 0 2 5 1 2 5 2 2 5 3 2 5 4 2 5 5 2 4 5 
6 2 9 5 2 8 5 2 7 5 2 6 5 2 5 5 2 4 5 
8 2 0 4 2 0 5 2 0 6 2 1 6 2 2 6 2 2 5 2 3 5 2 4 5 
9 2 0 3 2 0 4 2 0 5 2 0 6 2 1 6 2 2 6 2 2 5 2 3 5 2 4 5 
12 2 2 2 2 2 1 2 2 0 2 3 0 2 4 0 2 5 0 2 5 1 2 5 2 2 5 3 2 5 4 2 5 5 2 4 5 
5 2 5 2 2 5 3 2 5 4 2 5 5 2 4 5 
2 1 9 3 1 8 3 
2 0 1 4 0 0 4 
2 3 3 1 3 3 2 
2 0 3 1 0 2 1 
2 0 10 5 0 9 5 
2 3 10 5 3 11 5 
2 2 1 4 2 1 5 
2 0 8 8 0 7 8 
