84
5 2
7 2
11 7
7 7
4 11
7 6
6 11
2 3
6 0
7 5
2 9
9 10
1 4
9 7
4 3
6 5
10 4
10 5
5 5
3 8
5 9
3 7
11 9
9 8
4 7
6 6
9 9
11 4
7 10
8 8
8 10
4 10
4 9
7 9
7 4
11 11
9 4
3 9
2 6
2 8
6 10
10 9
8 9
9 6
8 5
9 5
5 8
1 6
3 4
4 5
5 6
3 2
5 4
4 1
6 9
5 3
4 6
6 2
5 1
7 3
7 1
10 3
11 3
3 1
6 3
6 4
2 7
1 5
1 3
10 11
6 1
2 4
3 6
5 10
7 8
4 8
1 7
3 5
2 5
4 4
8 2
4 2
8 3
9 2
32
1 5 2
0 7 2
0 11 7
1 7 7
0 4 11
0 7 6
0 6 11
2 5 2
1 2 3
0 6 0
2 7 5
1 2 9
0 9 10
2 4 11
0 1 4
1 9 7
0 4 3
0 6 5
2 7 7
0 10 4
2 10 5
0 5 5
1 7 2
0 3 8
2 5 9
0 3 7
1 11 9
1 9 8
1 4 3
1 6 5
2 11 7
1 7 6
4
2 4 7
1 6 6
1 9 9
2 11 4
69
5 2 9 10 2 9 11 2 8 11 2 7 11 2 7 10 
7 2 9 8 2 9 9 2 9 10 2 9 11 2 8 11 2 7 11 2 7 10 
2 1 8 10 1 9 10 
2 1 4 9 1 4 10 
2 3 3 9 3 4 9 
19 2 2 8 2 1 8 2 0 8 2 0 7 2 0 6 2 0 5 2 0 4 2 0 3 2 0 2 2 1 2 2 2 2 2 3 2 2 3 3 2 4 3 2 4 4 2 4 5 2 4 6 2 3 6 2 2 6 
7 0 3 9 0 3 10 0 2 10 0 1 10 0 1 9 0 1 8 0 2 8 
11 0 9 9 0 8 9 0 8 8 0 8 7 0 8 6 0 9 6 0 10 6 0 10 7 0 10 8 0 11 8 0 11 9 
2 2 11 9 2 10 9 
2 2 8 9 2 8 10 
3 1 8 5 1 8 6 1 9 6 
2 2 9 6 2 9 5 
4 3 9 7 3 8 7 3 8 6 3 8 5 
3 3 3 4 3 3 3 3 4 3 
2 3 4 5 3 5 5 
2 3 5 6 3 5 5 
7 3 7 9 3 6 9 3 6 8 3 6 7 3 5 7 3 5 6 3 5 5 
8 3 3 2 3 3 1 3 4 1 3 5 1 3 5 2 3 5 3 3 5 4 3 5 5 
2 3 5 4 3 5 5 
17 3 9 5 3 10 5 3 10 6 3 10 7 3 10 8 3 10 9 3 10 10 3 9 10 3 8 10 3 7 10 3 7 9 3 6 9 3 6 8 3 6 7 3 5 7 3 5 6 3 5 5 
3 1 7 10 1 7 11 1 6 11 
2 3 9 9 3 8 9 
4 1 6 2 1 6 1 1 5 1 1 4 1 
2 1 5 1 1 4 1 
3 1 11 4 1 11 5 1 10 5 
2 3 11 3 3 10 3 
3 0 10 5 0 9 5 0 9 4 
3 0 10 3 0 9 3 0 9 4 
2 0 11 4 0 11 3 
5 2 5 1 2 5 0 2 4 0 2 3 0 2 3 1 
2 1 6 4 1 6 3 
4 1 2 7 1 2 6 1 1 6 1 1 5 
5 3 1 5 3 0 5 3 0 4 3 0 3 3 1 3 
2 1 1 3 1 1 4 
2 2 6 4 2 5 4 
2 0 10 11 0 11 11 
3 1 10 9 1 10 10 1 10 11 
2 0 8 5 0 7 5 
3 1 6 0 1 7 0 1 7 1 
2 3 6 1 3 6 0 
5 3 9 4 3 8 4 3 7 4 3 7 5 3 7 6 
3 1 11 3 1 10 3 1 10 4 
2 0 3 6 0 4 6 
7 3 5 10 3 4 10 3 3 10 3 2 10 3 2 9 3 2 8 3 3 8 
4 3 4 6 3 4 7 3 3 7 3 3 8 
2 3 7 8 3 8 8 
2 0 5 9 0 5 10 
2 0 6 10 0 5 10 
3 1 5 10 1 5 11 1 4 11 
4 2 4 8 2 5 8 2 6 8 2 7 8 
4 1 7 8 1 6 8 1 6 9 1 5 9 
2 2 2 7 2 3 7 
2 1 4 7 1 4 8 
2 2 1 5 2 1 6 
2 1 3 6 1 3 5 
2 3 3 5 3 2 5 
4 0 3 5 0 3 4 0 3 3 0 2 3 
4 0 3 1 0 2 1 0 2 2 0 2 3 
3 1 2 4 1 3 4 1 4 4 
3 1 5 3 1 5 4 1 4 4 
2 3 4 8 3 5 8 
2 3 8 2 3 7 2 
2 0 4 2 0 5 2 
3 0 3 2 0 4 2 0 5 2 
2 2 7 3 2 8 3 
3 3 8 3 3 9 3 3 9 2 
9 2 9 2 2 9 3 2 9 4 2 8 4 2 8 5 2 8 6 2 7 6 2 6 6 2 5 6 
13 2 6 3 2 6 2 2 7 2 2 8 2 2 9 2 2 9 3 2 9 4 2 8 4 2 8 5 2 8 6 2 7 6 2 6 6 2 5 6 
2 1 9 2 1 8 2 
