21
7 9
6 3
6 5
4 5
8 4
6 6
4 6
8 7
9 6
8 8
9 8
3 6
5 4
7 5
5 8
5 6
5 5
7 4
8 6
7 6
7 3
11
1 7 9
1 6 3
2 6 5
3 7 9
0 4 5
1 8 4
0 6 6
2 4 6
1 8 7
3 9 6
3 8 8
8
1 9 8
1 3 6
0 5 4
3 7 5
2 5 8
3 5 6
3 5 5
0 7 4
26
5 2 4 5 2 5 5 2 5 4 2 5 3 2 6 3 
2 2 7 3 2 6 3 
4 0 5 8 0 5 9 0 6 9 0 7 9 
4 0 9 8 0 8 8 0 8 9 0 7 9 
2 2 8 8 2 8 7 
3 1 5 6 1 6 6 1 7 6 
3 1 7 4 1 7 5 1 7 6 
5 1 5 8 1 5 7 1 6 7 1 7 7 1 7 6 
4 1 5 5 1 5 6 1 6 6 1 7 6 
3 3 5 4 3 5 5 3 6 5 
2 3 5 5 3 6 5 
5 1 6 5 1 6 4 2 6 4 2 7 4 1 8 4 
3 1 7 3 1 8 3 1 8 4 
4 0 5 4 0 5 5 0 6 5 0 6 6 
4 0 3 6 0 4 6 0 5 6 0 6 6 
6 0 9 8 0 9 7 0 8 7 0 8 6 0 7 6 0 6 6 
3 0 7 5 0 7 6 0 6 6 
3 2 7 5 2 7 4 2 7 3 
2 2 7 4 2 7 3 
6 0 7 6 0 7 7 0 6 7 0 5 7 0 4 7 0 4 6 
3 3 8 6 3 8 7 3 8 8 
2 2 8 6 2 9 6 
3 3 5 6 3 4 6 3 4 5 
3 3 3 6 3 3 5 3 4 5 
2 0 7 6 0 8 6 
3 0 6 6 0 7 6 0 8 6 
0
