45
5 7
9 8
7 5
9 4
6 7
4 4
8 4
5 1
5 6
11 3
4 7
9 0
11 4
8 2
7 2
7 4
9 1
4 2
3 1
10 6
6 3
2 6
4 5
7 7
5 8
2 3
3 3
7 1
4 1
5 2
8 3
5 5
6 5
11 2
4 3
8 5
10 2
8 6
9 5
9 3
5 3
6 6
10 8
10 4
10 3
22
0 5 7
3 9 8
0 7 5
3 9 4
0 6 7
1 7 5
2 4 4
1 8 4
1 6 7
2 5 1
0 5 6
1 11 3
2 4 7
1 9 0
3 11 4
2 8 2
0 7 2
0 7 4
1 9 1
0 4 2
3 3 1
3 4 7
5
3 10 6
1 6 3
0 2 6
3 4 5
1 7 7
58
5 3 8 5 3 8 4 3 8 3 3 9 3 3 10 3 
3 3 11 4 3 11 3 3 10 3 
5 3 9 0 3 10 0 3 10 1 3 10 2 3 10 3 
4 0 7 7 0 7 8 0 6 8 0 5 8 
3 1 7 7 1 7 6 1 8 6 
5 3 4 3 3 5 3 3 5 4 3 6 4 3 7 4 
5 0 8 5 0 8 6 0 7 6 0 6 6 0 6 5 
6 0 3 3 0 3 4 0 3 5 0 4 5 0 5 5 0 6 5 
9 0 11 2 0 10 2 0 10 3 0 9 3 0 8 3 0 7 3 0 6 3 0 6 4 0 6 5 
5 0 4 3 0 5 3 0 5 4 0 6 4 0 6 5 
4 1 2 6 1 3 6 1 4 6 1 5 6 
2 1 6 3 1 5 3 
2 1 10 2 1 11 2 
3 0 6 3 0 6 2 0 5 2 
5 2 2 3 2 2 2 2 2 1 2 3 1 2 4 1 
6 1 5 2 1 6 2 1 7 2 1 7 3 1 7 4 1 8 4 
5 1 6 6 1 6 5 1 6 4 1 7 4 1 8 4 
10 1 5 8 1 6 8 2 6 8 2 7 8 2 7 7 2 7 6 2 8 6 2 8 5 1 8 5 1 8 4 
7 1 10 8 1 10 7 1 9 7 1 9 6 1 9 5 1 8 5 1 8 4 
2 2 10 8 2 9 8 
2 3 8 6 3 8 5 
2 3 5 3 3 4 3 
4 2 2 3 2 3 3 2 3 2 2 4 2 
4 0 4 1 0 5 1 0 6 1 0 7 1 
3 2 11 2 2 11 3 2 11 4 
3 2 6 5 2 6 6 2 6 7 
2 2 3 3 2 2 3 
2 2 4 1 2 3 1 
6 0 10 4 0 9 4 2 9 4 2 8 4 2 7 4 0 7 5 
4 0 5 5 3 5 5 3 6 5 0 7 5 
5 1 2 6 1 2 5 1 2 4 1 2 3 1 3 3 
2 0 5 2 0 5 1 
3 3 7 1 3 8 1 3 9 1 
3 2 8 6 2 9 6 2 9 5 
3 0 9 3 0 10 3 0 10 4 
2 0 10 3 0 10 4 
3 0 9 5 0 10 5 0 10 4 
2 2 6 5 2 5 5 
4 0 10 2 0 10 1 0 10 0 0 9 0 
4 0 7 1 0 8 1 0 9 1 0 9 0 
6 0 10 6 2 10 6 2 10 5 2 10 4 2 10 3 0 10 2 
3 3 4 5 3 4 6 3 4 7 
4 3 5 5 3 4 5 3 4 6 3 4 7 
3 0 9 3 0 10 3 0 11 3 
2 0 10 3 0 11 3 
7 0 9 5 3 9 5 3 10 5 3 11 5 0 11 5 0 11 4 0 11 3 
2 3 8 3 3 9 3 
5 1 10 6 1 11 6 1 11 7 1 11 8 1 10 8 
2 0 5 8 0 5 7 
2 2 8 4 2 9 4 
2 2 10 4 2 9 4 
2 1 4 5 1 4 4 
2 1 5 6 1 6 6 
2 3 8 3 3 8 2 
3 3 7 4 3 7 3 3 8 3 
3 3 7 2 3 7 3 3 8 3 
5 1 5 3 2 5 3 2 6 3 2 7 3 1 7 2 
6 1 4 2 1 4 1 1 5 1 1 6 1 1 7 1 1 7 2 
0
