21
7 4
6 7
9 6
4 5
7 6
6 3
8 7
4 2
8 6
4 3
5 4
5 8
9 8
2 6
10 5
5 5
10 6
6 6
3 2
3 3
5 6
12
0 7 4
3 6 7
2 9 6
1 7 4
1 4 5
0 7 6
0 6 3
2 8 7
0 4 2
2 6 3
1 8 6
2 4 3
10
0 5 4
3 5 8
0 9 8
1 2 6
1 10 5
2 5 5
1 10 6
1 6 6
1 3 2
3 3 3
26
2 3 8 6 3 8 7 
4 1 3 3 1 3 4 1 3 5 1 4 5 
5 1 5 8 1 4 8 1 4 7 1 4 6 1 4 5 
2 1 5 5 1 4 5 
2 3 4 2 3 4 3 
3 3 5 4 3 5 3 3 6 3 
8 3 2 6 3 3 6 3 3 5 3 4 5 3 4 4 3 5 4 3 5 3 3 6 3 
9 3 9 8 3 9 7 3 9 6 3 9 5 3 8 5 3 8 4 3 7 4 3 7 3 3 6 3 
7 3 5 8 3 5 7 3 5 6 3 6 6 3 6 5 3 6 4 3 6 3 
3 2 5 6 2 6 6 2 6 7 
5 2 4 5 2 4 6 2 4 7 2 5 7 2 6 7 
5 2 2 6 0 2 6 0 3 6 0 4 6 2 5 6 
2 2 6 6 2 5 6 
3 1 5 4 1 6 4 1 7 4 
5 1 10 5 1 10 4 1 9 4 1 8 4 1 7 4 
7 1 3 2 1 4 2 1 4 3 1 4 4 1 5 4 1 6 4 1 7 4 
3 2 9 8 2 9 7 2 9 6 
2 2 10 6 2 9 6 
2 0 3 2 0 4 2 
3 0 3 3 0 4 3 0 4 2 
5 1 5 5 1 5 6 1 6 6 1 7 6 1 8 6 
3 1 10 6 1 9 6 1 8 6 
4 1 10 5 1 10 6 1 9 6 1 8 6 
3 1 6 6 1 7 6 1 8 6 
5 1 9 6 1 9 5 1 8 5 1 7 5 1 7 6 
5 1 5 6 1 5 7 1 6 7 1 7 7 1 7 6 
0
