24
4 1
6 4
3 2
7 4
8 5
7 8
10 7
3 3
5 7
10 6
5 4
3 4
5 3
5 2
6 3
7 5
6 6
4 2
4 7
10 5
4 6
9 7
7 7
5 6
9
1 4 1
3 6 4
3 3 2
3 4 1
2 7 4
3 8 5
2 7 8
0 8 5
2 10 7
3
2 3 3
2 5 7
3 10 6
32
4 2 9 7 2 9 8 2 8 8 2 7 8 
4 0 7 7 0 8 7 0 8 6 0 8 5 
3 0 10 5 0 9 5 0 8 5 
4 2 10 5 2 9 5 2 8 5 2 7 5 
4 2 6 3 2 6 4 2 6 5 2 7 5 
6 2 4 7 2 4 6 2 4 5 2 5 5 2 6 5 2 7 5 
2 3 10 6 3 10 5 
2 3 5 2 3 4 2 
5 0 4 6 0 4 7 0 5 7 0 6 7 0 7 7 
4 0 5 6 0 5 7 0 6 7 0 7 7 
3 1 10 6 1 10 7 1 9 7 
3 1 7 7 1 8 7 1 9 7 
2 1 3 3 1 3 4 
4 3 5 4 0 5 4 0 6 4 3 7 4 
6 0 6 6 0 6 5 0 5 5 1 5 5 1 5 4 0 5 3 
5 0 7 5 0 7 4 0 7 3 0 6 3 0 5 3 
2 2 5 7 2 5 6 
2 2 4 7 2 4 6 
4 1 6 6 1 6 5 1 6 4 1 5 4 
4 1 7 5 1 6 5 1 6 4 1 5 4 
4 1 4 2 1 5 2 1 5 3 1 5 4 
4 3 5 3 3 4 3 3 3 3 3 3 2 
5 3 5 2 3 5 3 3 4 3 3 3 3 3 3 2 
3 3 3 4 3 3 3 3 3 2 
2 2 5 4 2 6 4 
6 1 3 4 1 4 4 2 4 4 2 4 3 2 4 2 1 4 1 
6 1 5 3 2 5 3 2 5 2 2 5 1 1 5 1 1 4 1 
2 2 5 7 2 4 7 
2 1 9 7 1 10 7 
3 1 6 3 1 6 2 1 5 2 
2 0 5 6 0 6 6 
6 0 3 3 0 4 3 0 4 2 0 5 2 0 6 2 0 6 3 
0
