42
9 10
8 3
4 10
8 2
7 3
7 6
1 4
6 9
6 8
9 11
8 11
2 7
2 10
5 10
3 10
4 5
6 2
7 5
2 5
3 1
3 5
5 6
9 2
6 3
8 10
7 10
1 7
0 8
0 7
7 11
6 11
3 9
6 4
2 9
2 6
4 7
3 7
3 4
2 4
1 5
6 6
6 5
24
1 9 10
0 8 3
0 4 10
2 8 2
1 7 3
3 7 6
2 1 4
0 6 9
1 6 8
1 6 9
2 9 11
1 9 11
3 8 11
1 8 11
2 2 7
2 2 10
1 5 10
0 3 10
1 4 5
2 6 2
1 7 5
0 6 2
0 2 5
2 3 1
13
0 3 5
2 5 6
2 9 2
1 6 3
3 2 5
3 2 10
3 8 10
1 7 10
3 9 10
0 3 1
3 1 7
3 8 3
0 0 8
48
3 0 7 10 0 6 10 0 6 11 
2 3 6 3 3 6 4 
4 0 6 4 0 6 5 0 7 5 0 7 6 
4 0 2 6 0 3 6 0 4 6 0 4 5 
3 0 4 7 0 4 6 0 4 5 
5 0 2 5 0 2 6 0 3 6 0 4 6 0 4 5 
5 3 5 10 3 5 9 3 4 9 3 4 8 3 4 7 
4 3 3 9 3 4 9 3 4 8 3 4 7 
5 3 3 4 3 3 5 3 4 5 3 4 6 3 4 7 
2 3 6 3 3 7 3 
4 0 0 7 0 1 7 0 2 7 0 3 7 
6 0 6 6 0 6 7 1 6 7 1 5 7 1 4 7 0 3 7 
2 3 2 4 3 2 5 
2 2 3 7 2 2 7 
2 2 1 7 2 2 7 
4 3 7 11 0 7 11 0 8 11 3 9 11 
7 0 4 7 2 4 7 2 5 7 2 6 7 2 6 6 2 6 5 0 7 5 
8 0 3 7 0 4 7 0 5 7 3 5 7 3 5 6 3 6 6 3 6 5 0 7 5 
3 0 7 3 0 7 4 0 7 5 
2 1 7 6 1 6 6 
2 1 5 6 1 6 6 
2 3 6 11 3 7 11 
3 3 8 10 3 7 10 3 7 11 
11 1 6 6 1 6 5 1 6 4 2 6 4 2 7 4 2 7 5 2 7 6 2 7 7 1 7 7 1 7 8 1 6 8 
9 1 1 5 1 1 6 1 2 6 1 2 7 1 2 8 1 3 8 1 4 8 1 5 8 1 6 8 
2 0 0 8 0 0 7 
2 3 7 11 3 8 11 
2 3 6 8 3 6 9 
6 1 1 7 1 0 7 1 0 6 1 0 5 1 0 4 1 1 4 
2 0 9 2 0 8 2 
5 1 2 6 3 2 6 3 2 7 3 2 8 1 2 9 
7 1 3 5 1 2 5 1 2 6 3 2 6 3 2 7 3 2 8 1 2 9 
2 3 3 10 3 4 10 
2 2 1 4 2 2 4 
4 2 0 7 2 0 6 2 0 5 2 1 5 
3 2 2 4 2 2 5 2 1 5 
3 0 5 6 0 5 5 0 6 5 
3 0 2 10 0 2 9 0 3 9 
3 3 7 10 3 6 10 3 5 10 
4 3 8 10 3 7 10 3 6 10 3 5 10 
2 3 3 9 3 3 10 
3 3 2 9 3 3 9 3 3 10 
6 3 3 4 3 3 3 3 4 3 3 5 3 3 5 2 3 6 2 
4 3 9 2 3 8 2 3 7 2 3 6 2 
2 0 3 5 0 3 4 
7 1 0 8 3 0 8 3 0 7 3 0 6 3 1 6 2 1 6 1 2 6 
8 1 6 4 1 5 4 1 4 4 2 4 4 2 4 5 2 3 5 2 3 6 1 2 6 
8 1 6 5 1 5 5 2 5 5 2 4 5 2 4 6 2 3 6 1 3 6 1 2 6 
0
