33
3 0
4 9
11 7
3 10
8 6
2 11
2 3
2 6
6 9
6 8
8 4
3 1
9 6
7 5
1 2
6 5
1 5
6 10
6 6
8 3
8 0
9 0
3 2
7 3
9 8
1 3
2 5
6 11
6 7
8 2
2 1
11 6
7 6
33
2 3 0
0 4 9
1 11 7
2 3 10
0 8 6
1 2 11
0 2 3
2 2 6
2 6 9
2 6 8
2 8 4
3 3 1
0 9 6
2 7 5
3 1 2
2 6 5
2 1 5
0 6 10
2 6 6
1 8 3
1 3 0
0 11 7
2 8 6
1 1 2
2 8 0
1 1 5
3 9 0
3 6 10
1 3 2
1 6 6
3 7 3
0 8 3
0 9 8
16
3 1 3
0 2 5
0 6 11
3 8 0
0 6 7
0 9 0
2 8 2
2 3 2
1 2 1
0 7 3
3 11 6
3 9 8
0 7 6
3 4 9
1 3 10
0 2 11
24
3 3 2 1 3 2 0 3 3 0 
3 3 8 2 3 8 3 3 8 4 
4 3 6 11 1 6 11 1 6 10 3 6 9 
3 2 11 6 2 10 6 2 9 6 
2 2 6 11 2 6 10 
2 0 6 7 0 6 6 
2 2 8 2 2 8 3 
2 0 7 6 0 8 6 
2 0 7 5 0 6 5 
7 0 2 3 0 3 3 0 4 3 0 4 4 0 4 5 0 5 5 0 6 5 
5 0 9 6 0 9 5 0 8 5 0 7 5 0 6 5 
4 0 8 4 0 7 4 0 6 4 0 6 5 
6 0 6 9 0 6 8 3 6 8 3 6 7 3 6 6 0 6 5 
6 0 6 8 0 5 8 0 5 7 0 5 6 0 5 5 0 6 5 
8 0 3 1 0 3 2 0 4 2 0 4 3 0 5 3 0 5 4 0 5 5 0 6 5 
6 0 2 6 0 3 6 0 3 5 0 4 5 0 5 5 0 6 5 
2 3 1 3 3 2 3 
2 2 6 7 2 6 8 
2 1 2 1 1 3 1 
2 0 7 6 0 7 5 
2 2 2 5 2 2 6 
2 1 2 5 1 1 5 
2 1 11 6 1 11 7 
2 1 1 3 1 1 2 
0
