12 12
0
21
3 6 8 1 8 4 0 
4 5 6 5 4 8 3 3 8 
2 1 9 3 7 
2 10 4 3 4 
2 4 11 8 7 
2 3 5 8 0 
2 6 11 4 10 
1 9 1 
1 4 6 
1 8 1 
1 0 9 
1 5 2 
1 11 11 
1 1 2 
1 2 10 
2 9 6 4 4 
1 9 6 
1 4 4 
2 6 11 2 6 
7 9 5 4 8 2 7 7 3 9 9 1 5 3 9 
1 11 5 
20
1 4 11 
1 8 0 
1 3 8 
1 3 4 
1 3 7 
1 10 6 
1 9 6 
1 6 11 
1 4 0 
1 7 5 
1 10 5 
1 2 6 
1 7 4 
1 7 7 
1 9 4 
1 2 7 
1 10 3 
1 8 8 
1 3 6 
1 4 9 
41
2 0 9 2 9 
2 2 9 2 7 
2 10 4 10 3 
3 1 8 1 6 1 9 
2 6 4 9 4 
5 4 8 1 6 7 4 7 7 6 4 
2 9 5 10 5 
2 9 1 9 3 
2 9 3 9 5 
13 5 4 11 5 9 3 1 8 0 9 10 4 6 2 8 7 11 10 3 5 1 3 4 10 3 10 
2 11 5 10 5 
3 6 6 7 5 7 7 
2 1 2 1 3 
2 6 2 7 3 
2 6 5 7 4 
2 4 7 6 7 
2 1 9 2 9 
2 3 10 3 9 
4 5 5 6 6 6 5 6 4 
5 4 4 5 5 5 4 4 7 8 2 
2 6 7 6 5 
2 4 6 4 7 
2 1 6 2 6 
2 5 2 6 2 
3 6 8 6 6 6 7 
2 5 6 5 5 
2 9 6 10 6 
2 8 1 8 2 
2 3 9 4 9 
2 11 10 9 9 
2 3 5 3 6 
2 2 10 3 10 
2 7 3 10 3 
2 11 11 11 10 
2 8 7 8 8 
2 8 2 8 3 
2 8 3 9 4 
2 1 3 1 5 
2 9 9 8 8 
2 4 10 4 9 
2 1 5 3 6 
