12 12
0
12
2 6 8 3 3 
1 0 3 
1 5 5 
1 10 6 
2 7 6 6 1 
2 1 7 5 0 
1 8 5 
1 9 3 
3 7 2 1 5 5 7 
2 5 2 1 1 
6 7 4 5 5 0 3 0 7 6 6 3 3 
2 4 5 1 2 
2
1 5 3 
1 0 2 
41
2 10 6 9 6 
7 7 4 9 6 9 3 8 5 5 8 5 0 6 1 
3 5 2 6 2 3 2 
2 1 2 0 2 
2 9 6 8 3 
5 7 2 10 3 7 5 3 0 4 0 
2 4 1 4 0 
2 4 0 1 0 
2 3 3 4 1 
2 6 1 4 1 
2 6 6 6 7 
2 6 7 5 7 
3 0 3 2 5 2 1 
2 1 7 0 7 
2 0 7 1 5 
2 1 5 2 5 
2 2 5 3 4 
2 6 8 5 8 
2 5 8 6 7 
2 7 6 6 6 
2 1 0 1 1 
2 2 0 1 0 
2 3 0 2 0 
2 1 1 1 2 
2 3 4 3 2 
2 5 7 3 4 
2 4 3 5 3 
2 3 2 4 3 
2 3 1 0 2 
2 5 0 3 0 
2 2 1 2 0 
2 4 5 4 3 
3 6 2 5 3 3 1 
2 5 5 6 5 
2 8 3 7 3 
2 10 3 8 3 
2 9 3 10 3 
2 7 3 6 2 
2 7 5 7 3 
2 6 5 7 5 
2 8 5 6 5 
