12 12
0
21
1 4 6 
3 4 4 7 8 9 11 
4 5 2 6 0 8 5 7 7 
8 3 3 4 5 5 9 6 7 10 3 10 8 8 11 2 6 
1 6 1 
1 9 3 
1 2 6 
1 1 9 
1 6 9 
1 8 11 
1 1 5 
1 3 10 
1 10 11 
1 10 9 
1 10 3 
1 11 6 
1 5 9 
1 3 3 
1 6 3 
1 8 7 
1 5 7 
1
1 9 1 
55
2 7 7 7 4 
2 4 10 3 9 
2 7 2 7 1 
2 7 1 9 1 
2 1 5 1 6 
2 1 6 3 6 
2 10 8 8 9 
2 8 11 8 10 
2 8 8 9 8 
2 10 9 10 8 
2 10 11 9 11 
2 9 11 8 8 
2 6 9 7 9 
2 7 9 8 8 
2 4 1 7 1 
2 8 5 8 4 
2 11 6 9 6 
2 9 6 9 5 
2 5 9 5 8 
10 6 7 5 7 9 6 8 7 6 3 7 9 10 11 2 9 3 10 1 5 
2 5 7 5 8 
2 5 8 5 6 
2 5 6 5 3 
2 5 3 5 2 
2 5 2 4 1 
3 6 1 4 0 7 2 
2 3 6 3 7 
2 3 7 7 7 
2 7 4 7 2 
2 4 0 4 1 
2 6 0 4 0 
2 2 9 3 9 
2 1 9 2 9 
2 8 4 7 4 
2 9 8 8 4 
2 8 9 9 8 
2 8 10 8 9 
2 9 7 9 5 
2 8 7 9 7 
2 10 3 7 3 
2 9 5 7 5 
2 7 3 7 6 
2 6 3 7 3 
2 7 5 6 0 
2 7 6 7 5 
7 7 8 5 6 9 7 7 6 8 10 4 10 3 6 
2 4 3 5 3 
2 2 6 1 6 
2 9 3 9 1 
2 3 9 3 7 
2 4 4 4 3 
2 4 5 4 4 
2 4 6 4 5 
2 3 3 4 3 
2 3 10 4 10 
