12 12
0
16
1 1 5 
1 5 5 
1 10 4 
1 6 11 
2 6 11 3 8 
2 5 8 7 4 
2 5 7 7 4 
1 4 4 
1 7 8 
1 1 6 
2 7 9 4 9 
1 1 5 
2 5 2 4 3 
2 5 0 8 1 
2 6 2 6 1 
1 3 8 
5
1 6 6 
1 8 4 
1 5 4 
1 7 6 
1 3 6 
37
2 5 3 7 6 
2 6 1 4 2 
2 4 2 5 3 
2 7 7 7 6 
2 6 2 5 3 
2 7 8 7 7 
2 8 2 7 2 
2 7 2 5 4 
4 5 2 6 3 5 1 7 0 
2 4 3 3 3 
2 5 10 4 9 
2 4 9 4 6 
5 7 4 4 6 3 3 8 2 4 2 
2 4 6 6 7 
2 6 7 6 6 
2 10 4 8 3 
2 8 3 8 4 
2 8 1 8 2 
2 7 0 8 1 
2 1 6 3 6 
2 1 5 1 6 
2 3 8 3 6 
2 6 3 8 4 
2 3 3 6 3 
2 4 4 3 4 
2 5 0 5 1 
2 3 4 5 4 
2 7 1 7 2 
4 5 1 7 1 6 2 6 1 
2 6 8 6 7 
4 6 9 6 8 5 2 4 3 
2 5 8 5 7 
2 5 5 5 6 
3 6 11 6 9 5 10 
2 7 9 6 9 
2 5 6 6 6 
5 5 7 5 6 8 3 3 4 7 7 
