12 12
0
14
1 5 4 
1 7 10 
1 4 8 
2 6 8 2 10 
2 4 8 0 10 
2 7 9 2 10 
1 10 5 
1 2 4 
1 5 3 
1 1 9 
3 7 8 8 9 2 5 
3 7 7 5 7 9 10 
2 9 7 8 7 
1 1 9 
5
1 6 9 
1 9 6 
1 3 4 
1 0 9 
1 5 5 
40
2 5 4 5 6 
2 0 10 0 9 
2 9 8 4 6 
2 4 6 3 4 
2 9 9 8 8 
2 8 8 9 8 
2 8 7 8 8 
2 9 10 9 9 
2 10 6 9 6 
2 2 5 2 7 
3 1 9 3 9 0 9 
2 3 9 2 9 
5 2 9 8 10 4 7 4 6 6 5 
2 8 9 8 10 
2 8 10 5 9 
2 5 9 6 9 
2 10 5 10 6 
2 9 7 9 8 
2 2 4 3 4 
2 6 6 5 5 
2 6 5 6 6 
2 7 6 6 6 
2 5 6 5 5 
3 2 7 7 7 5 7 
2 2 6 2 7 
2 5 7 4 7 
3 7 7 6 7 9 7 
2 6 7 9 6 
2 4 7 6 7 
2 3 6 2 4 
2 2 10 2 9 
3 7 8 5 9 9 9 
2 6 10 6 9 
5 7 9 6 10 10 6 3 6 5 6 
3 6 8 7 9 5 8 
2 7 10 6 10 
4 8 6 7 8 8 9 6 5 
4 5 8 8 6 2 6 7 6 
3 4 8 5 8 3 9 
4 5 3 8 6 2 6 7 6 
