12 12
0
11
1 7 11 
3 4 6 7 5 2 1 
1 5 0 
2 6 4 2 3 
1 4 5 
2 3 5 8 8 
2 5 5 9 8 
2 6 1 6 11 
2 5 2 6 10 
2 5 9 3 6 
1 3 8 
3
1 6 9 
1 3 7 
1 6 0 
37
3 6 4 6 5 7 5 
3 2 3 4 6 2 4 
3 4 5 6 4 2 3 
2 4 6 6 5 
4 6 5 6 6 6 8 6 3 
2 5 1 5 0 
2 5 0 6 0 
2 5 4 5 3 
2 5 3 6 0 
2 7 8 6 9 
2 5 11 7 11 
2 5 6 5 7 
4 5 7 8 9 3 7 4 3 
3 3 8 5 9 3 6 
3 5 9 8 9 4 7 
2 8 9 7 8 
2 6 8 7 6 
2 7 5 7 6 
2 7 6 7 8 
2 2 4 5 4 
2 2 1 2 4 
2 7 11 6 9 
3 2 5 4 7 4 3 
2 3 6 2 5 
2 4 7 3 7 
2 6 3 5 4 
2 4 3 5 3 
3 6 10 5 6 5 11 
2 6 11 6 10 
3 8 8 6 7 6 8 
2 9 8 8 8 
3 5 5 6 7 6 3 
2 3 5 5 5 
3 6 1 5 6 5 1 
2 5 2 6 1 
4 6 6 5 7 5 11 5 1 
2 6 7 6 6 
