12 12
0
14
3 7 4 8 7 8 5 
1 10 6 
5 7 2 3 2 3 9 6 7 6 10 
3 7 2 3 5 9 7 
2 7 1 4 5 
4 6 1 3 3 6 7 6 9 
2 10 8 10 7 
1 7 8 
1 4 7 
1 10 9 
1 6 5 
1 7 7 
1 5 8 
4 8 3 3 9 6 9 10 8 
11
1 6 3 
1 6 2 
1 8 6 
1 9 5 
1 8 4 
1 6 4 
1 4 9 
1 8 3 
1 2 8 
1 10 8 
1 9 7 
42
2 5 7 4 8 
2 2 9 2 8 
2 6 10 2 9 
2 6 5 5 5 
2 5 5 5 6 
2 6 9 5 8 
3 5 8 5 5 6 10 
2 4 7 6 6 
2 6 6 5 6 
3 6 7 3 7 10 7 
3 3 7 4 8 2 8 
3 3 9 4 9 2 9 
3 7 4 7 6 7 5 
2 7 3 6 3 
2 4 5 3 5 
3 3 5 4 3 3 7 
2 3 2 3 3 
2 3 3 4 3 
2 4 3 4 4 
3 4 4 6 3 3 8 
2 6 3 6 2 
4 8 3 9 4 8 4 6 4 
2 10 7 9 7 
3 7 5 6 4 7 7 
2 8 8 5 7 
2 8 9 8 8 
2 10 9 8 9 
2 7 9 8 8 
2 7 7 7 9 
2 7 8 7 9 
2 5 6 5 7 
3 7 6 8 6 6 6 
5 10 6 7 6 8 7 8 5 7 5 
3 9 4 8 6 9 5 
3 8 7 9 5 8 9 
3 8 5 8 4 6 5 
2 4 8 3 8 
3 8 2 7 3 8 3 
2 7 1 8 2 
2 3 8 4 9 
2 6 1 7 1 
2 7 2 8 2 
