12 12
0
5
2 8 5 6 8 
4 2 5 7 6 7 5 5 7 
4 2 4 8 6 7 5 5 7 
5 5 3 5 6 10 5 8 4 5 10 
2 6 6 6 8 
16
1 4 1 
1 6 3 
1 10 7 
1 4 2 
1 8 3 
1 6 1 
1 5 9 
1 7 7 
1 3 3 
1 5 5 
1 9 7 
1 4 3 
1 9 4 
1 7 9 
1 6 11 
1 3 8 
18
3 8 4 8 3 9 4 
2 8 6 7 6 
3 7 6 10 5 4 5 
3 10 5 10 7 9 7 
3 4 5 4 2 4 3 
3 7 5 8 4 6 5 
3 6 5 6 1 7 9 
3 5 7 5 10 5 8 
9 6 8 5 9 7 7 3 3 5 5 9 7 4 3 9 4 7 9 
3 5 10 5 9 6 11 
3 5 8 7 7 3 8 
3 5 4 6 3 5 5 
5 5 6 5 4 4 5 6 5 5 8 
9 6 6 4 1 6 3 10 7 4 2 8 3 6 1 6 11 3 8 
2 8 5 6 6 
3 5 3 4 1 3 3 
3 2 4 5 3 5 4 
2 2 5 2 4 
