12 12
0
21
1 1 5 
1 5 4 
4 3 6 4 4 0 1 10 3 
6 8 6 3 2 3 8 7 3 1 1 11 7 
7 8 4 2 4 9 10 6 8 1 2 10 4 10 0 
1 6 4 
1 3 4 
1 6 9 
1 1 10 
2 5 6 0 11 
1 2 8 
1 9 8 
1 7 8 
2 10 8 9 9 
1 11 8 
1 6 7 
1 9 0 
1 10 4 
1 5 2 
1 5 3 
1 1 2 
1
1 7 4 
65
2 2 2 2 4 
2 2 4 3 6 
2 1 10 2 6 
3 2 6 2 7 2 2 
4 4 6 2 7 8 8 2 5 
2 2 7 2 9 
2 2 9 4 9 
2 4 9 4 8 
2 3 4 3 2 
2 3 2 2 2 
2 3 3 4 3 
2 10 3 3 3 
2 6 4 7 4 
2 4 3 6 4 
2 11 7 11 6 
2 8 7 11 7 
2 10 6 10 3 
2 11 6 10 6 
2 6 2 2 1 
2 7 3 6 2 
2 6 3 7 3 
2 5 3 6 3 
2 5 2 6 2 
2 2 5 2 1 
2 1 5 2 5 
2 6 5 7 4 
2 1 2 1 1 
2 2 1 3 1 
2 9 0 10 0 
2 10 0 11 5 
2 11 5 10 5 
2 10 5 10 6 
2 1 1 0 1 
2 0 1 3 1 
2 3 1 3 3 
2 10 4 10 5 
2 11 8 11 6 
2 6 7 8 7 
2 2 8 3 8 
3 7 7 5 7 8 8 
2 4 8 3 5 
2 3 6 4 8 
2 9 8 9 7 
2 4 4 4 5 
2 9 7 9 10 
2 10 8 9 7 
2 7 8 7 7 
2 9 10 5 9 
2 4 5 3 5 
2 3 5 6 5 
2 7 9 5 9 
2 5 9 4 5 
2 8 8 8 9 
2 8 9 7 9 
2 6 8 7 9 
2 9 9 8 9 
2 3 8 5 7 
2 5 7 6 8 
2 0 11 2 9 
2 6 9 4 9 
3 5 4 6 5 4 3 
2 5 8 6 9 
2 5 6 5 8 
7 8 6 5 6 2 6 4 6 10 8 7 7 11 5 
7 8 4 5 8 4 6 5 2 6 3 11 8 8 7 
