12 12
0
16
2 7 1 9 0 
2 1 6 0 5 
2 1 6 0 3 
2 7 9 3 11 
2 6 10 3 11 
2 10 8 10 11 
2 10 7 10 9 
2 2 9 7 6 
2 2 10 8 6 
2 7 1 9 0 
2 2 0 5 0 
2 5 7 5 6 
2 4 8 5 6 
2 1 0 6 0 
3 6 6 10 4 9 5 
3 7 4 10 5 9 7 
1
1 6 5 
80
2 5 9 4 10 
2 7 9 6 9 
2 1 2 1 3 
2 1 3 2 3 
3 2 3 3 7 3 6 
2 10 7 10 8 
2 10 8 9 9 
2 10 11 10 9 
2 10 9 9 9 
3 9 9 5 9 5 10 
2 6 3 5 3 
2 8 3 5 3 
2 5 2 6 2 
3 5 3 6 4 6 1 
3 2 1 4 2 5 2 
2 3 2 4 2 
2 8 4 7 5 
3 4 2 8 4 8 1 
2 6 4 7 5 
3 6 2 6 4 6 1 
2 1 6 1 4 
2 0 5 0 4 
2 2 6 2 5 
2 2 5 8 5 
2 7 5 5 5 
2 5 5 6 5 
2 8 2 8 5 
2 8 5 6 5 
2 6 1 8 2 
2 8 1 8 2 
2 10 2 9 3 
3 10 6 10 2 8 3 
2 9 7 10 6 
2 9 5 10 6 
3 9 2 10 2 8 3 
2 9 1 9 2 
2 10 3 9 3 
3 9 4 10 3 6 3 
2 5 7 5 8 
3 9 3 8 4 8 1 
2 2 0 1 0 
2 1 0 3 0 
2 6 0 5 0 
2 5 0 3 0 
2 4 8 5 8 
2 5 8 5 4 
2 5 6 5 4 
3 5 4 4 1 2 1 
3 3 0 4 1 2 1 
3 4 1 3 2 6 2 
2 3 5 4 5 
3 3 7 3 5 2 5 
2 6 9 5 11 
2 6 10 6 9 
3 5 11 4 11 5 10 
2 3 11 5 11 
2 4 10 3 10 
2 4 11 4 10 
3 3 10 3 7 3 6 
2 5 10 3 10 
3 10 5 10 4 9 5 
2 10 4 9 4 
3 6 6 7 4 9 7 
2 7 4 9 4 
3 9 0 7 3 9 1 
3 7 3 10 3 6 3 
3 7 1 7 2 9 2 
2 7 2 7 3 
3 3 6 4 5 2 6 
2 4 5 5 5 
2 1 5 2 3 
2 2 4 1 5 
2 2 9 2 10 
3 1 4 1 5 1 2 
2 0 4 1 4 
2 0 3 0 4 
3 2 7 2 4 1 3 
2 7 6 2 7 
2 8 6 7 6 
2 2 10 2 7 
