12 12
0
19
1 6 0 
2 8 5 7 2 
1 3 5 
2 5 5 5 8 
1 1 5 
1 1 9 
1 7 11 
1 4 0 
1 3 2 
1 10 1 
1 3 3 
1 6 9 
9 3 3 9 6 6 9 1 5 1 9 7 11 4 0 3 2 10 1 
1 11 6 
1 10 6 
3 4 7 2 5 3 8 
2 4 7 3 8 
1 8 7 
2 7 3 5 3 
9
1 4 3 
1 7 7 
1 4 8 
1 1 6 
1 3 9 
1 7 10 
1 5 0 
1 4 2 
1 10 2 
48
2 6 3 5 0 
2 6 8 7 8 
2 3 2 4 2 
2 6 1 5 1 
2 4 0 5 0 
2 1 5 1 6 
2 7 11 7 10 
2 2 5 2 6 
2 2 6 1 6 
2 6 6 6 7 
2 6 7 7 7 
2 6 9 6 7 
3 5 8 6 6 4 8 
4 3 6 5 6 5 7 6 6 
3 5 6 5 4 4 8 
2 5 1 4 2 
3 3 5 3 6 3 4 
3 6 0 6 2 6 1 
3 8 7 7 6 6 8 
4 4 7 7 6 1 8 6 8 
4 7 6 7 3 6 5 5 3 
4 7 3 6 2 8 3 6 1 
4 6 2 8 5 5 2 7 2 
4 8 5 3 6 3 4 8 4 
2 8 3 6 3 
2 5 7 7 7 
2 5 5 5 7 
2 5 3 6 3 
2 3 7 3 9 
2 2 7 3 7 
2 3 8 2 7 
2 1 8 2 7 
2 1 9 3 9 
2 10 6 11 6 
2 3 4 4 4 
8 9 6 4 4 6 4 5 8 2 6 3 7 8 3 8 4 
2 11 6 9 6 
2 5 4 4 3 
2 4 4 5 4 
4 6 4 5 5 6 5 5 2 
2 6 5 7 8 
2 3 3 4 3 
2 7 8 7 10 
2 8 2 10 2 
2 10 1 10 2 
2 8 4 8 2 
2 7 2 8 2 
2 5 2 5 1 
