12 12
0
16
1 11 9 
1 8 10 
1 6 7 
4 11 1 3 2 3 6 5 7 
1 4 4 
1 4 5 
1 4 4 
1 8 2 
1 8 2 
1 9 3 
1 9 3 
3 3 7 6 2 8 8 
1 6 6 
2 7 3 10 0 
3 4 3 10 0 7 6 
1 8 7 
13
1 7 0 
1 1 5 
1 11 0 
1 3 4 
1 7 6 
1 6 2 
1 6 8 
1 9 8 
1 11 9 
1 8 7 
1 5 8 
1 8 10 
1 4 9 
30
2 5 7 5 8 
2 4 8 4 9 
2 8 2 8 3 
3 8 3 6 8 9 9 
3 8 8 6 8 9 8 
2 9 3 8 3 
2 5 2 6 2 
2 3 6 3 5 
2 3 5 3 4 
2 4 4 4 5 
2 6 7 6 6 
3 6 6 7 2 5 2 
3 7 2 7 0 6 5 
4 7 3 7 4 6 5 7 6 
4 4 3 7 4 2 6 3 2 
4 7 4 8 0 5 2 8 8 
3 10 0 8 0 11 0 
2 8 0 7 0 
2 7 6 5 6 
2 3 2 3 4 
2 5 6 5 7 
3 4 6 5 6 4 8 
2 9 9 9 8 
3 3 7 2 6 5 8 
3 4 5 2 4 4 6 
3 2 4 1 5 3 6 
3 2 6 2 4 4 8 
2 1 6 1 5 
4 6 5 1 6 3 5 4 9 
2 11 1 11 0 
