12 12
0
17
2 1 1 7 5 
2 3 3 9 1 
2 4 1 10 8 
1 8 3 
1 7 8 
1 2 1 
1 9 5 
1 0 4 
1 0 3 
1 2 2 
1 5 2 
9 10 3 4 5 8 7 3 2 11 5 1 5 1 1 3 3 4 1 
2 10 3 2 11 
2 8 7 3 4 
2 3 2 5 9 
2 11 5 0 0 
2 1 5 1 11 
16
1 9 3 
1 8 8 
1 3 1 
1 2 11 
1 10 5 
1 3 4 
1 1 4 
1 5 9 
1 0 2 
1 0 0 
1 2 3 
1 1 11 
1 4 2 
1 7 5 
1 9 1 
1 10 8 
17
2 4 1 4 2 
2 5 2 4 2 
2 2 2 2 3 
2 3 3 2 3 
2 1 1 0 2 
2 0 3 0 2 
2 8 7 8 8 
2 10 3 9 3 
9 4 5 8 3 7 8 2 1 9 5 0 4 0 3 2 2 5 2 
2 8 3 9 3 
2 0 4 1 4 
2 3 2 3 1 
2 2 1 3 1 
2 9 5 10 5 
2 11 5 10 5 
2 1 5 1 4 
2 7 8 8 8 
