12 12
0
10
1 6 3 
1 6 3 
2 3 4 6 2 
1 9 8 
1 9 7 
1 5 0 
2 7 4 3 2 
5 6 5 4 2 5 8 10 5 3 9 
5 2 2 4 4 6 8 8 5 2 9 
2 2 2 4 7 
7
1 8 3 
1 9 4 
1 8 9 
1 2 10 
1 10 5 
1 5 6 
1 3 2 
37
2 3 1 3 2 
2 5 5 5 6 
4 6 5 6 4 4 4 7 5 
2 5 0 6 1 
2 8 7 9 5 
2 9 5 9 4 
2 10 6 10 4 
2 10 4 10 3 
2 4 3 10 3 
4 6 8 7 6 7 8 8 9 
6 4 7 7 6 5 8 7 5 3 9 5 6 
3 7 6 10 4 10 5 
3 9 7 10 6 7 8 
2 9 8 9 6 
4 5 8 9 6 8 9 2 10 
3 9 6 10 6 8 7 
2 10 5 9 5 
2 7 8 8 7 
2 2 9 2 10 
2 10 3 8 3 
3 7 2 8 5 5 5 
2 6 2 7 2 
2 7 5 8 6 
2 8 5 8 6 
2 8 4 9 4 
2 8 6 8 4 
2 3 4 4 3 
3 4 4 3 4 5 5 
3 7 4 8 2 8 4 
2 6 4 7 4 
2 6 1 6 4 
3 2 2 6 1 4 2 
2 5 3 4 3 
3 4 2 5 3 3 1 
3 6 3 5 3 7 2 
2 8 2 8 3 
2 3 9 2 9 
