12 12
0
7
6 5 2 7 2 11 7 7 7 4 11 7 6 
5 6 11 5 2 2 3 6 0 7 5 
5 2 9 9 10 4 11 1 4 9 7 
5 4 3 6 5 7 7 10 4 10 5 
3 5 5 7 2 3 8 
4 5 9 3 7 11 9 9 8 
4 4 3 6 5 11 7 7 6 
4
1 4 7 
1 6 6 
1 9 9 
1 11 4 
80
3 7 10 9 10 9 8 
3 9 10 8 8 8 10 
2 4 10 4 9 
5 11 7 7 9 7 4 11 11 9 4 
2 7 9 4 9 
2 4 9 3 9 
2 2 6 2 8 
2 2 8 3 9 
3 3 9 8 8 6 10 
3 7 7 7 10 7 4 
2 11 9 9 9 
2 10 9 11 9 
2 8 10 8 9 
2 9 8 8 10 
2 9 6 8 5 
2 9 5 9 6 
2 9 7 10 9 
2 8 5 9 7 
2 6 10 8 9 
5 2 9 5 8 4 10 2 6 1 6 
2 4 3 3 4 
7 5 5 4 5 5 6 7 9 3 2 5 4 9 5 
4 4 5 4 1 6 9 5 3 
3 3 4 4 1 3 8 
6 6 11 4 5 5 6 4 10 7 10 4 6 
2 8 9 9 9 
3 4 1 6 2 5 1 
3 6 2 7 3 7 1 
2 10 5 11 4 
2 10 3 11 3 
3 9 4 10 5 10 3 
2 11 3 11 4 
2 5 1 5 4 
2 3 1 5 1 
2 6 3 6 4 
2 2 7 4 7 
2 1 5 2 7 
2 1 3 1 5 
2 1 4 1 3 
2 6 4 6 6 
2 5 4 6 4 
2 11 11 10 11 
2 10 11 10 9 
2 7 5 8 5 
2 7 1 6 0 
2 6 0 6 1 
2 5 3 6 1 
2 6 1 6 6 
3 7 6 9 6 9 4 
3 10 4 9 5 11 3 
3 7 4 2 3 2 4 
2 4 6 3 6 
3 3 8 5 10 4 6 
2 8 8 7 8 
3 5 10 5 9 6 10 
2 4 11 5 10 
2 7 8 4 8 
2 5 9 7 8 
2 3 7 2 7 
2 4 8 4 7 
3 2 4 1 7 6 3 
2 1 7 1 4 
2 1 6 1 5 
3 6 9 1 7 11 11 
2 3 5 3 6 
2 3 6 1 6 
2 3 2 2 5 
2 2 5 3 5 
3 2 3 3 5 3 1 
5 4 4 2 5 2 4 5 3 7 5 
2 5 8 4 8 
2 7 3 5 8 
2 7 2 8 2 
3 4 2 8 3 3 1 
3 5 2 4 2 3 2 
5 6 5 4 2 8 2 2 6 4 4 
2 8 3 7 3 
2 9 2 8 3 
6 5 6 9 2 2 8 1 3 6 3 10 11 
3 8 2 9 2 7 1 
