12 12
0
21
3 7 6 5 5 8 3 
4 6 6 6 9 3 1 0 1 
2 7 1 0 11 
2 2 6 9 0 
2 4 0 9 10 
2 9 3 1 8 
2 11 3 9 8 
1 3 3 
1 5 9 
1 3 0 
1 7 2 
1 6 4 
1 3 11 
1 10 3 
1 8 7 
2 10 9 6 5 
1 10 9 
1 6 5 
2 11 3 4 10 
7 3 4 3 7 10 1 5 3 4 11 9 4 9 7 
1 3 2 
20
1 4 0 
1 1 8 
1 0 1 
1 9 0 
1 0 11 
1 10 8 
1 10 9 
1 11 3 
1 8 3 
1 8 4 
1 3 5 
1 4 10 
1 8 8 
1 7 4 
1 4 2 
1 10 1 
1 3 6 
1 7 11 
1 9 2 
1 10 7 
41
2 7 2 8 1 
2 8 1 10 1 
2 2 6 3 6 
3 5 5 4 9 7 1 
2 4 4 4 2 
5 3 7 4 9 8 8 7 4 4 4 
2 3 4 3 5 
2 3 3 4 3 
2 4 3 3 4 
13 6 9 3 2 4 3 5 5 7 2 2 6 5 4 9 10 5 11 9 3 10 4 9 8 8 9 
2 3 2 3 5 
3 7 5 8 4 7 4 
2 10 3 10 4 
2 5 4 5 3 
2 7 8 8 8 
2 7 9 7 7 
2 7 1 8 1 
2 8 9 9 7 
4 5 6 7 5 7 8 4 4 
5 6 5 5 6 6 9 7 9 4 1 
2 7 7 7 8 
2 5 9 7 9 
2 4 9 4 10 
2 6 4 5 4 
3 7 6 7 5 7 7 
2 6 6 5 6 
2 10 9 10 8 
2 3 0 4 1 
2 9 7 10 7 
2 5 11 4 11 
2 9 3 9 2 
2 8 7 8 9 
2 5 3 3 6 
2 3 11 5 11 
2 9 10 7 11 
2 4 1 3 1 
2 3 1 4 2 
2 10 4 9 4 
2 4 11 7 11 
2 9 8 10 7 
2 9 4 9 2 
