12 12
0
21
1 4 5 
3 3 4 8 6 6 9 
4 2 3 8 4 6 7 11 6 
8 2 7 3 5 11 3 4 7 1 2 9 9 10 10 8 3 
1 6 3 
1 3 2 
1 8 3 
1 9 7 
1 5 8 
1 10 10 
1 9 6 
1 10 9 
1 7 9 
1 8 11 
1 1 2 
1 8 5 
1 11 3 
1 2 7 
1 0 4 
1 5 6 
1 10 5 
1
1 4 2 
55
2 11 6 6 4 
2 9 8 8 8 
2 5 4 4 4 
2 4 4 4 2 
2 9 6 9 5 
2 9 5 10 7 
2 9 9 8 10 
2 10 10 9 10 
2 6 8 6 10 
2 8 11 9 9 
2 7 9 6 9 
2 6 9 6 8 
2 5 8 7 8 
2 7 8 6 8 
2 4 3 4 4 
2 6 7 6 6 
2 8 5 7 6 
2 7 6 7 4 
2 11 3 10 3 
10 4 7 10 5 7 6 5 6 0 4 7 8 7 9 10 8 10 9 9 6 
2 10 5 10 3 
2 10 3 5 2 
2 5 2 2 4 
2 2 4 2 3 
2 2 3 4 3 
3 6 3 7 3 5 4 
2 10 7 11 7 
2 11 7 11 6 
2 6 4 5 4 
2 7 3 4 3 
2 8 4 7 3 
2 10 8 8 8 
2 9 7 10 8 
2 6 6 6 4 
2 6 10 6 6 
2 8 10 6 10 
2 9 10 8 10 
2 5 5 7 4 
2 5 6 5 5 
2 1 2 1 4 
2 7 4 7 5 
2 1 4 6 5 
2 0 4 1 4 
2 7 5 8 4 
2 6 5 7 5 
7 8 6 5 2 5 5 6 5 9 10 9 8 10 7 
2 2 5 2 4 
2 8 3 9 5 
2 3 2 4 2 
2 8 8 11 7 
2 3 4 2 5 
2 3 5 3 4 
2 4 5 3 5 
2 2 7 2 5 
2 10 9 9 8 
