12 12
0
12
2 3 6 6 2 
1 9 5 
1 9 4 
1 5 5 
2 4 7 6 3 
2 11 3 8 10 
1 10 6 
1 2 5 
3 5 7 10 4 5 4 
2 6 1 8 7 
6 6 8 9 4 9 5 11 4 4 6 6 2 
2 9 1 9 6 
2
1 8 2 
1 7 5 
41
2 5 5 6 5 
7 6 8 6 5 2 5 10 6 3 7 8 10 6 3 
3 6 1 4 2 7 2 
2 9 6 7 5 
2 6 5 4 5 
5 5 7 3 5 8 5 8 9 7 7 
2 6 4 7 7 
2 7 7 7 8 
2 6 2 6 4 
2 6 3 6 4 
2 4 6 5 6 
2 5 6 5 4 
3 9 5 8 4 9 9 
2 11 3 11 4 
2 11 4 10 4 
2 10 4 8 4 
2 8 4 7 4 
2 3 6 3 7 
2 3 7 5 6 
2 4 7 4 6 
2 7 8 8 7 
2 7 9 7 8 
2 8 9 7 9 
2 8 7 9 6 
2 7 4 7 2 
2 5 4 7 4 
2 9 2 8 2 
2 7 2 9 2 
2 7 3 7 5 
2 8 10 8 9 
2 9 9 7 9 
2 9 1 9 2 
3 4 2 8 2 7 3 
2 9 4 10 5 
2 4 5 4 4 
2 3 5 4 5 
2 2 5 3 5 
2 4 4 4 2 
2 8 5 4 4 
2 10 5 8 5 
2 10 6 10 5 
