12 12
0
16
1 5 1 
1 5 9 
1 7 8 
1 10 7 
2 10 7 7 2 
2 4 9 6 7 
2 3 8 6 7 
1 0 9 
1 1 6 
1 6 1 
2 11 7 9 9 
1 5 1 
2 6 5 8 7 
2 8 4 4 7 
2 5 4 3 3 
1 7 2 
5
1 6 6 
1 7 6 
1 2 8 
1 2 6 
1 6 2 
37
2 2 5 2 6 
2 3 3 3 5 
2 3 5 2 5 
2 0 6 2 6 
2 5 4 2 5 
2 1 6 0 6 
2 5 6 5 5 
2 5 5 2 8 
4 6 5 7 5 6 3 5 7 
2 8 7 7 7 
2 9 10 9 9 
2 9 9 8 9 
5 6 7 8 9 7 7 5 6 3 5 
2 8 9 8 6 
2 8 6 6 6 
2 7 8 6 8 
2 6 8 7 6 
2 4 7 5 6 
2 5 7 4 7 
2 6 1 6 2 
2 5 1 6 1 
2 7 2 6 2 
2 7 5 7 6 
2 7 7 7 5 
2 0 9 0 8 
2 8 4 6 3 
2 0 8 2 8 
2 6 4 5 5 
4 6 3 6 4 5 4 3 3 
2 8 5 8 6 
4 10 6 8 5 6 5 8 7 
2 4 9 3 8 
2 5 9 6 9 
3 10 7 10 6 9 10 
2 11 7 10 6 
2 6 9 6 6 
5 3 8 6 9 6 8 0 8 0 6 
