12 12
0
14
1 5 7 
1 9 8 
1 7 5 
2 9 4 6 7 
2 7 5 4 4 
2 8 4 6 7 
1 5 1 
1 5 6 
1 11 3 
1 4 7 
3 9 0 11 4 8 2 
3 7 2 7 4 9 1 
2 4 2 3 1 
1 4 7 
5
1 10 6 
1 6 3 
1 2 6 
1 4 5 
1 7 7 
40
2 5 7 5 8 
2 4 4 4 5 
2 2 3 3 3 
2 3 3 2 6 
2 7 1 4 1 
2 4 1 2 3 
2 3 1 4 1 
2 9 1 7 1 
2 5 2 6 3 
2 8 2 8 3 
3 4 7 5 5 4 5 
2 5 5 6 5 
5 6 5 11 2 4 3 3 3 8 5 
2 11 4 11 2 
2 11 2 10 2 
2 10 2 10 6 
2 5 1 5 2 
2 4 2 2 3 
2 5 6 2 6 
2 8 6 7 7 
2 8 5 8 6 
2 9 5 8 6 
2 5 8 7 7 
3 8 3 7 2 7 4 
2 9 3 8 3 
2 7 4 4 3 
3 7 2 5 3 4 2 
2 5 3 6 3 
2 4 3 5 3 
2 6 6 5 6 
2 6 7 6 5 
3 9 0 10 2 7 1 
2 10 8 10 6 
5 8 4 10 8 5 2 6 6 5 8 
3 9 4 8 4 10 4 
2 9 8 10 8 
4 10 3 9 0 11 4 8 5 
4 10 4 10 3 9 3 9 5 
3 7 5 10 4 5 5 
4 11 3 10 3 9 3 9 5 
