12 12
0
11
1 9 5 
3 4 5 5 3 4 2 
1 5 7 
2 6 4 5 4 
1 7 5 
2 3 8 6 1 
2 4 8 5 1 
2 8 7 7 11 
2 8 6 7 10 
2 2 2 1 2 
1 1 0 
3
1 9 3 
1 3 4 
1 2 8 
37
3 6 4 6 5 5 3 
3 5 4 4 5 4 4 
3 7 5 6 4 5 4 
2 4 5 6 5 
4 6 5 5 5 7 3 3 5 
2 6 6 5 7 
2 5 7 2 8 
2 2 4 2 6 
2 2 6 2 8 
2 5 2 9 3 
2 8 5 9 5 
2 6 7 4 3 
4 4 3 2 1 3 4 2 5 
3 1 0 2 2 1 2 
3 2 2 2 1 3 3 
2 2 1 5 2 
2 7 3 6 3 
2 5 3 6 3 
2 6 3 5 2 
2 4 4 2 4 
2 4 2 4 4 
2 9 5 9 3 
3 2 3 3 3 2 5 
2 1 2 2 3 
2 3 3 3 4 
2 3 5 2 4 
2 2 5 2 6 
3 7 10 6 7 8 5 
2 7 11 7 10 
3 6 1 5 6 7 3 
2 5 1 6 1 
3 4 8 5 6 3 5 
2 3 8 4 8 
3 8 7 6 7 6 6 
2 8 6 8 7 
4 5 5 4 3 8 5 6 6 
2 5 6 5 5 
