12 12
0
16
3 2 1 2 5 11 10 
1 1 6 
1 5 5 
1 1 6 
1 0 4 
2 4 8 5 6 
2 6 4 4 6 
2 6 4 11 6 
3 3 6 5 4 11 6 
3 4 5 6 2 6 8 
2 7 5 9 2 
3 6 3 10 2 11 10 
2 6 3 8 4 
2 4 7 8 4 
2 6 6 4 7 
2 6 6 2 7 
4
1 4 3 
1 1 1 
1 2 7 
1 10 7 
42
2 7 6 9 6 
3 1 4 1 1 2 7 
2 6 1 7 4 
2 7 4 1 4 
2 7 1 6 1 
2 6 2 6 1 
2 9 4 7 4 
3 8 4 7 1 7 6 
2 5 4 5 3 
2 5 3 3 3 
3 6 4 0 4 11 5 
2 0 4 1 5 
2 1 5 4 4 
2 4 4 4 3 
2 2 1 1 1 
3 4 6 5 6 5 8 
2 5 6 5 3 
2 9 2 9 4 
2 10 2 9 2 
2 11 8 10 7 
2 6 8 11 8 
2 5 8 6 8 
2 11 10 11 8 
2 9 6 10 7 
2 9 7 9 6 
3 6 6 3 7 9 7 
2 2 5 3 5 
2 3 7 3 5 
2 4 7 3 7 
2 3 3 1 4 
2 3 5 3 3 
2 11 5 9 4 
3 11 6 11 5 9 7 
2 1 6 1 5 
2 6 5 4 4 
2 5 5 6 5 
3 6 3 5 5 7 1 
4 7 5 4 3 6 2 5 8 
2 3 6 6 5 
2 3 4 3 6 
3 4 5 3 4 5 4 
4 4 8 3 4 2 5 7 6 
