12 12
0
5
2 5 5 7 4 
4 8 9 2 10 8 4 8 2 
4 9 9 2 11 8 4 8 2 
5 9 8 8 5 3 7 7 2 6 1 
2 7 5 7 4 
16
1 7 8 
1 10 4 
1 4 8 
1 8 6 
1 8 3 
1 7 6 
1 7 1 
1 10 3 
1 6 8 
1 9 4 
1 3 6 
1 6 7 
1 6 0 
1 9 6 
1 5 2 
1 7 3 
18
3 7 2 8 3 6 0 
2 2 11 2 10 
3 2 10 3 7 7 7 
3 3 7 4 8 3 6 
3 7 7 8 6 6 7 
3 8 4 7 2 9 5 
3 9 5 7 6 9 6 
3 8 2 6 1 9 3 
9 7 4 7 1 10 3 6 8 9 4 3 6 6 7 6 0 9 6 
3 6 1 7 1 5 2 
3 9 3 10 3 7 3 
3 9 7 10 4 9 4 
5 8 5 9 7 7 7 9 5 9 3 
9 7 5 7 8 10 4 4 8 8 6 8 3 7 6 5 2 7 3 
2 5 5 7 5 
3 9 8 7 8 6 8 
3 9 9 9 8 9 7 
2 8 9 9 9 
