12 12
0
21
1 9 9 
1 5 4 
4 1 5 2 4 6 2 1 2 
6 7 6 0 8 4 2 10 7 8 2 9 4 
7 7 8 0 5 2 8 2 7 8 1 3 3 7 0 
1 6 4 
1 1 8 
1 6 5 
1 6 7 
2 7 4 8 6 
1 3 2 
1 3 8 
1 5 11 
2 4 9 3 9 
1 4 3 
1 10 5 
1 7 1 
1 3 3 
1 6 6 
1 10 9 
1 8 1 
1
1 5 6 
65
2 0 6 0 5 
2 0 5 1 5 
2 6 7 4 7 
3 4 7 8 8 0 6 
4 5 9 8 8 5 8 7 10 
2 8 8 8 7 
2 8 7 5 5 
2 5 5 3 5 
2 1 8 0 8 
2 0 8 0 6 
2 2 3 6 3 
2 1 2 2 3 
2 6 4 5 6 
2 6 3 6 4 
2 9 4 0 3 
2 9 6 9 4 
2 1 3 1 2 
2 0 3 1 3 
2 7 7 5 7 
2 10 7 7 7 
2 10 6 10 7 
2 10 9 10 6 
2 6 6 7 7 
2 7 10 5 7 
2 9 9 7 10 
2 4 5 5 6 
2 8 1 8 2 
2 5 7 5 3 
2 7 1 7 0 
2 7 0 5 0 
2 5 0 5 2 
2 5 2 1 3 
2 8 2 6 2 
2 6 2 5 3 
2 5 3 2 3 
2 3 3 5 2 
2 4 3 0 3 
2 10 5 9 6 
2 3 2 4 2 
3 5 10 4 6 5 8 
2 3 5 4 4 
2 1 5 3 5 
2 3 8 4 8 
2 2 4 3 4 
2 4 8 2 8 
2 4 9 4 8 
2 5 11 5 10 
2 2 8 3 6 
2 3 4 4 4 
2 4 4 4 5 
2 2 6 3 6 
2 3 6 3 4 
2 5 8 3 7 
2 3 7 2 6 
2 2 7 2 6 
2 3 9 3 7 
2 4 2 4 6 
2 4 6 2 7 
2 8 6 8 7 
2 6 5 5 5 
3 5 4 4 5 6 3 
2 7 5 6 5 
2 7 4 7 5 
7 7 6 7 4 4 7 5 9 4 9 5 10 5 0 
7 7 8 7 5 5 9 6 6 10 6 4 3 9 6 
