12 12
0
16
2 7 4 8 9 
2 5 1 7 1 
2 5 1 10 1 
2 1 8 1 6 
2 2 7 1 6 
2 5 11 5 9 
2 7 11 4 9 
2 2 0 0 2 
2 3 0 0 3 
2 7 4 8 9 
2 1 4 1 0 
2 4 10 7 10 
2 6 11 7 10 
2 2 4 1 1 
3 6 9 5 5 3 9 
3 5 8 4 7 7 9 
1
1 5 4 
80
2 3 10 2 9 
2 1 8 1 7 
2 9 3 8 2 
2 8 2 6 1 
3 6 1 3 2 3 3 
2 7 11 5 11 
2 5 11 5 10 
2 5 9 4 9 
2 4 9 5 10 
3 5 10 3 10 2 10 
2 4 8 5 6 
2 7 7 5 6 
2 11 5 11 4 
3 5 6 4 5 3 5 
3 10 5 9 5 11 5 
2 9 4 9 5 
2 6 3 6 4 
3 9 5 6 3 6 2 
2 4 5 6 4 
3 11 4 4 5 3 5 
2 5 1 8 1 
2 7 1 9 1 
2 4 2 4 3 
2 4 3 5 3 
2 6 4 4 4 
2 4 4 5 4 
2 5 2 5 3 
2 5 3 5 4 
2 3 5 5 2 
2 6 2 5 2 
2 7 6 6 6 
3 4 6 7 6 7 7 
2 7 9 4 6 
2 3 9 4 6 
3 8 6 7 6 7 7 
2 8 7 8 6 
2 6 8 6 6 
3 5 7 6 8 4 8 
2 4 10 6 10 
3 6 6 6 3 6 2 
2 1 4 2 4 
2 2 4 2 3 
2 1 1 1 0 
2 1 0 2 3 
2 6 11 6 10 
2 6 10 8 10 
2 7 10 8 10 
3 8 10 10 4 10 5 
3 2 3 10 4 10 5 
3 10 4 9 4 11 4 
2 2 2 3 4 
3 3 2 2 2 4 3 
2 1 7 2 6 
2 2 7 1 7 
3 2 6 1 9 2 10 
2 1 6 2 6 
2 2 9 2 8 
2 1 9 2 9 
3 2 8 3 2 3 3 
2 2 10 2 8 
3 4 7 5 5 3 9 
2 5 5 5 7 
3 6 9 5 8 7 9 
2 5 8 5 7 
3 8 9 7 8 8 7 
3 7 8 6 8 4 8 
3 7 4 8 5 8 6 
2 8 5 7 8 
3 3 3 3 4 4 2 
2 3 4 4 4 
2 7 0 6 1 
2 8 0 7 0 
2 2 0 3 0 
3 8 1 7 0 9 3 
2 9 1 8 1 
2 10 1 9 1 
3 3 1 8 0 8 2 
2 0 2 3 1 
2 0 3 0 2 
2 3 0 3 1 
