12 12
0
19
1 6 9 
2 1 7 7 7 
1 2 7 
2 7 1 2 6 
1 1 2 
1 10 2 
1 9 8 
1 6 1 
1 3 2 
1 5 10 
1 2 9 
1 5 5 
9 2 9 3 5 5 5 1 2 10 2 9 8 6 1 3 2 5 10 
1 1 9 
1 0 11 
3 8 5 10 1 9 4 
2 8 5 9 4 
1 8 6 
2 5 6 5 3 
9
1 0 9 
1 5 2 
1 3 8 
1 2 2 
1 10 3 
1 9 9 
1 6 2 
1 3 6 
1 5 8 
48
2 6 3 6 2 
2 7 6 7 8 
2 3 2 3 6 
2 4 9 4 8 
2 6 1 6 2 
2 1 2 2 2 
2 9 8 9 9 
2 10 1 9 2 
2 9 2 2 2 
2 3 4 5 4 
2 5 4 5 2 
2 5 5 5 4 
3 2 6 3 4 3 8 
4 3 7 2 8 7 3 3 4 
3 2 8 1 8 3 8 
2 4 8 3 6 
3 2 7 3 7 0 7 
3 6 9 5 9 4 9 
3 8 6 7 5 7 6 
4 8 5 7 5 11 5 7 6 
4 7 5 5 6 8 8 5 3 
4 5 6 5 9 6 4 4 9 
4 5 9 1 7 4 7 7 7 
4 1 7 3 7 0 7 5 7 
2 6 4 6 3 
2 7 3 5 2 
2 7 1 7 3 
2 5 3 6 3 
2 9 3 10 3 
2 9 5 9 3 
2 9 4 9 5 
2 11 5 9 5 
2 10 2 10 3 
2 0 11 1 9 
2 0 7 0 8 
8 3 5 0 8 6 5 2 6 9 2 9 3 6 4 5 7 
2 1 9 3 5 
2 1 8 0 9 
2 0 8 1 8 
4 6 5 7 1 8 8 4 7 
2 8 8 7 8 
2 2 9 0 9 
2 7 8 9 9 
2 6 7 5 8 
2 5 10 5 8 
2 5 7 6 7 
2 7 7 6 7 
2 4 7 4 8 
