12 12
0
16
1 9 10 
1 8 3 
1 4 10 
4 8 2 7 3 7 6 1 4 
1 6 9 
1 6 8 
1 6 9 
1 9 11 
1 9 11 
1 8 11 
1 8 11 
3 2 7 2 10 5 10 
1 3 10 
2 4 5 6 2 
3 7 5 6 2 2 5 
1 3 1 
13
1 3 5 
1 5 6 
1 9 2 
1 6 3 
1 2 5 
1 2 10 
1 8 10 
1 7 10 
1 9 10 
1 3 1 
1 1 7 
1 8 3 
1 0 8 
30
2 1 4 1 7 
2 0 7 0 8 
2 9 11 7 11 
3 7 11 8 10 6 11 
3 5 10 8 10 7 10 
2 8 11 7 11 
2 3 9 2 10 
2 7 6 6 4 
2 6 4 6 3 
2 6 9 6 8 
2 4 10 3 10 
3 3 10 2 9 3 9 
3 2 9 3 5 2 6 
4 4 5 4 7 2 6 2 5 
4 7 5 4 7 3 7 7 3 
4 4 7 3 4 3 9 5 10 
3 6 2 3 4 9 2 
2 3 4 3 5 
2 2 5 2 4 
2 7 3 6 3 
2 2 4 1 4 
3 1 5 2 4 0 7 
2 6 11 7 10 
3 2 7 3 7 1 7 
3 6 8 6 6 1 5 
3 6 6 5 6 7 6 
3 3 7 6 6 0 7 
2 6 5 5 6 
4 2 6 6 5 6 4 0 8 
2 8 2 9 2 
