12 12
0
17
2 3 0 4 9 
2 11 7 3 10 
2 8 6 2 11 
1 2 3 
1 2 6 
1 6 9 
1 6 8 
1 8 4 
1 3 1 
1 9 6 
1 7 5 
9 1 2 6 5 1 5 6 10 6 6 8 3 3 0 11 7 8 6 
2 1 2 8 0 
2 1 5 9 0 
2 6 10 3 2 
2 6 6 7 3 
2 8 3 9 8 
16
1 1 3 
1 2 5 
1 6 11 
1 8 0 
1 6 7 
1 9 0 
1 8 2 
1 3 2 
1 2 1 
1 7 3 
1 11 6 
1 9 8 
1 7 6 
1 4 9 
1 3 10 
1 2 11 
17
2 8 6 7 6 
2 7 5 7 6 
2 9 6 11 6 
2 11 7 11 6 
2 3 0 2 1 
2 3 1 2 1 
2 1 5 2 5 
2 1 2 1 3 
9 6 5 2 3 2 6 6 9 6 8 8 4 3 1 9 6 7 5 
2 2 3 1 3 
2 8 4 8 2 
2 6 10 6 11 
2 6 9 6 11 
2 6 8 6 7 
2 6 6 6 7 
2 8 3 8 2 
2 2 6 2 5 
