12 12
0
10
1 5 7 
1 5 7 
2 9 5 6 9 
1 9 8 
1 7 8 
1 8 3 
2 5 4 1 2 
5 6 7 4 4 9 9 11 6 6 10 
5 4 5 8 5 10 9 3 8 7 10 
2 4 5 5 9 
7
1 3 5 
1 9 6 
1 8 11 
1 8 10 
1 11 6 
1 10 8 
1 1 2 
37
2 2 3 1 2 
2 9 7 10 8 
4 6 7 6 4 8 5 4 7 
2 8 3 8 4 
2 8 8 8 6 
2 8 6 9 6 
2 7 5 7 6 
2 7 6 5 6 
2 6 6 5 6 
4 10 9 10 7 8 9 8 11 
6 5 9 10 7 9 9 4 7 6 10 10 8 
3 10 7 7 6 11 6 
3 7 8 7 5 8 9 
2 9 8 8 7 
4 9 9 8 7 8 11 8 10 
3 8 7 7 5 8 8 
2 11 6 8 6 
2 8 9 8 8 
2 7 10 8 10 
2 5 6 3 5 
3 6 8 3 8 9 7 
2 6 9 6 8 
2 4 7 4 6 
2 3 8 4 6 
2 6 5 9 6 
2 4 6 6 5 
2 9 5 6 6 
3 8 5 9 5 9 7 
3 5 4 5 5 6 5 
2 6 4 5 4 
2 8 4 6 4 
3 4 5 8 4 4 4 
2 5 3 6 6 
3 4 4 5 3 2 3 
3 5 7 5 3 6 8 
2 5 5 3 5 
2 6 10 7 10 
