23
9 3
11 3
5 6
2 3
11 7
7 5
11 8
1 2
2 4
8 5
6 2
8 1
9 9
7 11
7 6
7 9
1 4
4 5
10 5
5 2
7 1
8 6
4 1
19
3 9 3
3 11 3
2 5 6
2 2 3
3 11 7
3 7 5
1 11 8
3 1 2
0 2 4
2 8 5
0 6 2
2 8 1
1 1 2
2 9 9
0 11 8
0 2 3
1 5 6
0 7 11
2 7 6
1
3 7 9
25
10 3 7 11 3 7 10 3 6 10 3 6 9 3 6 8 3 5 8 3 5 7 3 5 6 3 4 6 3 4 5 
3 0 1 4 0 1 3 0 1 2 
7 2 6 2 2 6 3 2 7 3 2 8 3 2 9 3 2 10 3 2 11 3 
5 3 10 5 3 10 6 3 10 7 3 10 8 3 11 8 
4 3 10 5 3 11 5 3 11 6 3 11 7 
5 0 5 2 0 5 3 0 5 4 0 5 5 0 5 6 
2 1 1 4 1 2 4 
7 3 2 4 3 3 4 3 4 4 3 5 4 3 5 5 3 6 5 3 7 5 
7 3 7 5 3 8 5 3 8 6 3 8 7 3 8 8 3 9 8 3 9 9 
9 3 11 3 3 11 4 3 10 4 3 9 4 3 9 5 3 9 6 3 9 7 3 9 8 3 9 9 
7 3 9 3 3 9 4 3 9 5 3 9 6 3 9 7 3 9 8 3 9 9 
7 3 11 7 1 11 7 1 10 7 1 10 8 1 9 8 3 9 8 3 9 9 
5 2 4 5 2 5 5 2 6 5 2 7 5 2 8 5 
4 2 7 1 2 6 1 2 5 1 2 4 1 
3 1 7 9 1 7 10 1 7 11 
2 2 7 1 2 8 1 
9 3 8 6 1 8 6 1 7 6 1 7 5 1 7 4 3 7 4 3 7 3 3 7 2 3 7 1 
5 3 7 9 3 7 8 3 7 7 3 7 6 3 8 6 
5 3 4 1 3 3 1 3 3 2 3 3 3 3 2 3 
8 3 5 2 3 5 3 3 6 3 1 6 3 1 7 3 1 8 3 3 8 3 3 9 3 
4 1 4 1 1 4 2 1 5 2 1 6 2 
9 2 8 1 0 8 1 0 7 1 0 6 1 0 5 1 0 4 1 0 4 2 2 4 2 2 5 2 
4 3 8 5 0 8 5 0 9 5 3 10 5 
5 1 4 5 1 3 5 1 2 5 1 1 5 1 1 4 
2 1 8 6 1 7 6 
0
