12 12
0
21
3 7 1 4 4 11 7 
4 6 7 10 4 1 4 7 5 
2 3 7 8 3 
2 3 3 2 3 
2 11 4 5 6 
2 3 11 10 2 
2 9 6 4 6 
1 5 8 
1 10 0 
1 0 10 
1 3 10 
1 9 8 
1 3 0 
1 4 11 
1 11 11 
2 10 11 7 6 
1 10 11 
1 7 6 
2 9 6 2 5 
7 7 10 4 0 0 8 5 3 9 0 6 9 7 8 
1 10 8 
20
1 11 4 
1 10 2 
1 7 5 
1 2 3 
1 8 3 
1 10 7 
1 10 11 
1 9 6 
1 11 7 
1 0 9 
1 3 9 
1 2 5 
1 8 7 
1 0 1 
1 1 2 
1 0 8 
1 4 3 
1 9 4 
1 5 10 
1 5 5 
41
2 3 10 3 8 
2 3 8 0 8 
2 3 3 4 3 
3 4 4 3 5 3 7 
2 1 0 1 2 
5 4 0 3 5 8 7 0 1 1 0 
2 7 10 3 9 
2 5 8 5 9 
2 5 9 7 10 
13 10 4 10 8 5 9 4 4 3 10 3 3 3 6 5 6 9 1 3 11 6 11 4 6 8 8 
2 10 8 3 9 
3 7 3 0 9 0 1 
2 4 11 6 11 
2 3 6 5 3 
2 9 5 8 7 
2 11 1 9 2 
2 3 7 3 8 
2 8 8 7 8 
4 5 1 7 3 9 5 1 0 
5 7 6 5 1 10 4 11 1 1 5 
2 9 2 9 5 
2 10 0 11 1 
2 3 5 2 5 
2 9 8 3 6 
3 7 1 7 3 9 2 
2 6 7 5 1 
2 10 11 10 7 
2 0 10 1 5 
2 7 8 5 5 
2 9 1 9 0 
2 3 11 5 10 
2 11 11 8 8 
2 5 3 4 3 
2 3 0 9 1 
2 5 6 9 4 
2 1 5 1 4 
2 1 4 1 2 
2 6 11 6 9 
2 9 0 9 4 
2 4 6 5 5 
2 6 9 5 10 
