12 12
0
12
2 8 11 10 4 
1 5 5 
1 7 10 
1 9 1 
2 0 7 5 3 
2 5 0 3 2 
1 3 9 
1 9 7 
3 5 6 4 0 6 9 
2 2 5 1 4 
6 6 6 7 10 5 5 6 1 0 9 10 4 
2 2 0 8 1 
2
1 2 6 
1 9 2 
41
2 9 1 7 4 
7 6 6 7 4 9 7 3 9 7 7 3 2 5 3 
3 2 5 5 8 1 3 
2 8 1 9 2 
2 7 4 10 7 
5 5 6 9 6 9 10 0 2 4 3 
2 6 5 4 3 
2 4 3 1 6 
2 10 4 6 5 
2 5 3 6 5 
2 0 9 6 11 
2 6 11 6 9 
3 5 5 5 7 5 4 
2 5 0 6 1 
2 6 1 4 0 
2 4 0 5 7 
2 5 7 4 9 
2 8 11 7 7 
2 7 7 6 11 
2 0 7 0 9 
2 1 6 1 4 
2 0 4 1 6 
2 0 2 0 4 
2 1 4 8 1 
2 4 9 1 3 
2 6 9 4 9 
2 2 4 2 6 
2 1 3 2 4 
2 9 4 9 2 
2 3 2 0 2 
2 5 4 0 4 
2 2 0 2 4 
3 5 8 2 6 9 4 
2 7 10 5 11 
2 10 7 10 8 
2 9 6 10 7 
2 9 7 9 6 
2 10 8 5 8 
2 9 10 10 8 
2 5 11 9 10 
2 3 9 5 11 
