12 12
0
21
1 3 11 
3 5 6 9 3 0 7 
4 0 5 5 7 11 10 3 0 
8 3 5 4 11 9 4 8 10 8 2 8 8 7 9 6 1 
1 11 2 
1 2 2 
1 6 1 
1 7 11 
1 1 9 
1 7 9 
1 4 1 
1 5 4 
1 2 7 
1 9 10 
1 8 2 
1 1 2 
1 9 4 
1 3 5 
1 11 7 
1 6 0 
1 11 4 
1
1 5 3 
55
2 3 0 5 2 
2 6 5 6 7 
2 3 3 2 5 
2 2 5 5 3 
2 4 1 6 2 
2 6 2 5 1 
2 8 8 8 6 
2 7 9 6 10 
2 2 8 7 8 
2 9 10 8 8 
2 2 7 0 7 
2 0 7 2 8 
2 1 9 2 9 
2 2 9 2 8 
2 1 3 2 5 
2 11 10 10 10 
2 1 2 1 4 
2 1 4 7 3 
2 9 4 10 2 
10 8 10 11 4 1 4 6 0 11 7 2 9 2 7 5 9 5 4 4 1 
2 11 4 10 2 
2 10 2 11 5 
2 11 5 8 4 
2 8 4 0 5 
2 0 5 1 3 
3 11 2 4 4 3 3 
2 5 1 2 0 
2 2 0 3 0 
2 5 2 3 3 
2 4 4 1 3 
2 5 7 4 4 
2 5 9 6 7 
2 7 11 5 9 
2 10 10 5 2 
2 7 8 10 10 
2 8 6 7 8 
2 6 10 8 6 
2 9 1 7 3 
2 6 0 9 1 
2 8 2 7 5 
2 7 3 7 6 
2 7 5 8 9 
2 11 7 7 5 
2 7 6 5 7 
2 8 9 7 6 
7 9 3 11 5 9 1 8 9 6 10 6 5 5 1 
2 4 8 8 4 
2 6 1 6 2 
2 2 2 5 3 
2 6 7 2 0 
2 5 6 4 8 
2 4 11 5 6 
2 3 11 4 11 
2 3 5 4 8 
2 5 4 6 5 
