12 12
0
16
1 6 10 
1 1 4 
1 3 4 
1 4 10 
2 4 10 1 1 
2 6 6 7 2 
2 3 6 7 2 
1 10 9 
1 0 9 
1 5 7 
2 8 2 10 6 
1 6 10 
2 5 5 7 1 
2 5 4 5 1 
2 10 1 8 4 
1 1 1 
5
1 3 3 
1 4 6 
1 2 8 
1 11 9 
1 2 1 
37
2 11 0 11 9 
2 8 4 9 0 
2 9 0 11 0 
2 6 9 11 9 
2 10 1 11 0 
2 0 9 6 9 
2 5 0 2 9 
2 2 9 2 8 
4 5 5 7 3 8 5 7 5 
2 7 1 11 2 
2 7 7 10 6 
2 10 6 9 3 
5 7 2 9 3 11 2 5 0 9 0 
2 9 3 5 3 
2 5 3 3 3 
2 3 4 3 5 
2 3 5 4 6 
2 5 1 5 0 
2 7 5 5 1 
2 5 7 2 1 
2 6 10 5 7 
2 1 1 2 1 
2 7 3 4 6 
2 11 2 7 3 
2 10 9 7 8 
2 5 4 8 5 
2 7 8 2 8 
2 4 9 2 9 
4 8 5 4 9 10 1 8 4 
2 3 2 5 3 
4 6 4 3 2 5 5 7 1 
2 6 6 3 6 
2 1 4 1 3 
3 4 10 6 4 7 7 
2 8 2 6 4 
2 1 3 3 3 
5 3 6 1 3 3 5 7 8 6 9 
