12 12
0
14
1 9 11 
1 6 9 
1 5 0 
2 8 7 1 8 
2 5 0 3 8 
2 6 3 1 8 
1 10 5 
1 0 9 
1 8 11 
1 3 11 
3 1 3 2 6 10 6 
3 5 3 7 5 3 3 
2 4 5 0 7 
1 3 11 
5
1 3 1 
1 9 5 
1 2 3 
1 5 10 
1 7 11 
40
2 9 11 9 9 
2 3 8 5 10 
2 5 8 4 4 
2 4 4 2 3 
2 3 5 5 6 
2 5 6 5 8 
2 0 7 5 6 
2 3 3 3 5 
2 9 3 9 5 
2 10 6 8 5 
3 3 11 3 6 5 10 
2 3 6 1 7 
5 1 7 3 4 6 11 4 4 2 8 
2 2 6 3 4 
2 3 4 4 3 
2 4 3 3 1 
2 10 5 9 3 
2 4 5 5 8 
2 0 9 2 3 
2 7 8 7 11 
2 2 8 7 8 
2 7 7 7 8 
2 9 9 7 11 
3 8 5 5 3 7 5 
2 9 6 8 5 
2 7 5 6 11 
3 5 3 6 6 4 5 
2 6 6 9 5 
2 6 11 6 6 
2 0 11 0 9 
2 1 8 1 7 
3 1 3 4 3 3 5 
2 5 9 3 1 
5 6 3 5 9 9 3 0 11 9 9 
3 8 7 6 3 7 4 
2 6 9 5 9 
4 4 6 1 3 2 6 2 8 
4 7 4 4 6 9 6 7 7 
3 5 0 7 4 3 6 
4 8 11 4 6 9 6 7 7 
