12 12
0
11
1 4 10 
3 6 3 4 1 10 9 
1 10 7 
2 5 1 8 8 
1 4 5 
2 0 5 10 4 
2 1 6 9 5 
2 2 4 5 7 
2 2 1 5 3 
2 4 8 5 11 
1 7 8 
3
1 3 8 
1 8 2 
1 10 6 
37
3 5 1 6 4 4 1 
3 8 8 6 3 6 9 
3 4 5 5 1 8 8 
2 6 3 6 4 
4 6 4 7 7 9 4 3 4 
2 6 7 10 7 
2 10 7 10 6 
2 2 7 4 7 
2 4 7 10 6 
2 3 1 3 8 
2 5 8 4 10 
2 6 2 8 3 
4 8 3 3 3 8 2 2 6 
3 7 8 4 8 5 11 
3 4 8 3 3 5 5 
2 3 3 3 1 
2 9 4 8 1 
2 4 1 8 1 
2 8 1 3 1 
2 6 9 2 7 
2 10 9 6 9 
2 4 10 3 8 
3 3 11 5 5 2 6 
2 5 11 3 11 
2 5 5 8 2 
2 3 4 2 7 
2 2 6 4 7 
3 5 3 6 2 5 8 
2 5 7 5 3 
3 10 4 7 4 9 4 
2 9 5 10 4 
3 1 6 7 4 3 4 
2 0 5 1 6 
3 2 4 6 2 6 7 
2 2 1 2 4 
4 7 7 8 3 5 8 6 7 
2 7 4 7 7 
