12 12
0
14
3 9 5 6 10 1 8 
1 3 6 
5 10 1 0 6 5 9 0 9 10 4 
3 10 1 4 11 0 11 
2 11 3 2 11 
4 7 3 5 6 0 9 5 5 
2 0 1 0 10 
1 3 8 
1 5 8 
1 11 6 
1 4 4 
1 6 6 
1 8 2 
4 2 1 5 9 5 5 0 1 
11
1 3 2 
1 3 0 
1 5 7 
1 5 11 
1 1 6 
1 0 4 
1 5 1 
1 2 1 
1 8 7 
1 0 1 
1 0 11 
42
2 7 7 7 2 
2 8 5 8 7 
2 10 4 8 5 
2 4 4 5 3 
2 5 3 2 4 
2 5 5 8 2 
3 8 2 5 3 10 4 
2 5 8 2 5 
2 2 5 2 4 
3 0 9 2 9 0 10 
3 2 9 7 2 8 7 
3 5 9 5 1 8 5 
3 9 5 3 7 0 5 
2 4 2 3 2 
2 2 11 4 11 
3 4 11 7 4 2 9 
2 0 6 5 6 
2 5 6 7 4 
2 7 4 5 0 
3 5 0 3 2 6 1 
2 3 2 3 0 
4 2 1 3 10 1 6 0 4 
2 0 10 0 11 
3 0 5 0 4 6 6 
2 8 8 7 7 
2 8 6 8 8 
2 11 6 8 6 
2 6 8 8 8 
2 6 6 6 8 
2 3 8 6 8 
2 2 4 7 7 
3 3 7 5 7 2 5 
5 3 6 3 7 6 10 1 8 0 5 
3 3 10 5 7 5 11 
3 6 10 5 11 8 6 
3 1 8 1 6 4 4 
2 7 2 6 1 
3 9 2 4 2 2 1 
2 11 3 9 2 
2 6 1 5 1 
2 7 3 11 3 
2 10 1 9 2 
