12 12
0
5
2 9 4 8 7 
4 0 10 8 9 5 0 5 4 
4 0 8 11 6 5 0 5 4 
5 4 7 3 11 5 11 6 2 4 3 
2 6 4 8 7 
16
1 5 9 
1 0 0 
1 3 6 
1 10 8 
1 2 1 
1 7 9 
1 1 4 
1 10 2 
1 7 10 
1 1 2 
1 2 8 
1 11 10 
1 2 3 
1 7 7 
1 3 4 
1 9 2 
18
3 6 2 2 1 2 3 
2 11 6 8 9 
3 8 9 5 11 8 10 
3 5 11 3 6 2 8 
3 8 10 10 8 11 10 
3 5 0 6 2 7 1 
3 7 1 7 9 7 7 
3 5 4 4 3 8 1 
9 8 7 1 4 10 2 7 10 1 2 2 8 11 10 2 3 7 7 
3 4 3 1 4 3 4 
3 8 1 10 2 9 2 
3 0 7 0 0 1 2 
5 3 11 0 7 8 10 7 1 8 1 
9 6 4 5 9 0 0 3 6 10 8 2 1 7 9 3 4 9 2 
2 9 4 6 4 
3 4 7 5 9 7 10 
3 0 8 4 7 0 7 
2 0 10 0 8 
