12 12
0
21
1 11 3 
1 11 5 
4 0 1 1 9 7 9 7 10 
6 4 11 0 3 5 2 6 4 0 8 10 0 
7 2 3 4 1 1 4 10 3 0 7 1 10 7 8 
1 11 8 
1 0 10 
1 7 2 
1 5 11 
2 7 5 4 5 
1 6 3 
1 5 0 
1 5 8 
2 5 7 10 1 
1 7 1 
1 8 0 
1 9 7 
1 1 10 
1 8 2 
1 3 1 
1 0 7 
1
1 10 9 
65
2 5 3 4 1 
2 4 1 0 1 
2 5 11 6 6 
3 6 6 8 6 5 3 
4 6 7 8 6 5 5 10 6 
2 8 6 2 4 
2 2 4 1 3 
2 1 3 1 7 
2 0 10 0 3 
2 0 3 5 3 
2 9 10 8 9 
2 7 10 9 10 
2 11 8 10 9 
2 8 9 11 8 
2 10 0 3 2 
2 6 0 10 0 
2 3 4 7 10 
2 3 2 3 4 
2 4 8 3 6 
2 6 4 4 8 
2 1 1 6 4 
2 3 1 1 1 
2 8 2 4 8 
2 10 6 3 6 
2 11 3 10 6 
2 8 8 10 9 
2 0 7 0 8 
2 3 6 8 10 
2 9 7 7 8 
2 7 8 6 10 
2 6 10 3 10 
2 3 10 3 4 
2 0 8 7 9 
2 7 9 8 10 
2 8 10 9 10 
2 1 10 3 10 
2 7 1 3 2 
2 8 0 6 0 
2 6 3 5 2 
3 3 8 9 3 5 5 
2 1 7 2 8 
2 0 1 1 7 
2 5 0 1 5 
2 1 9 4 6 
2 1 5 1 4 
2 5 7 1 5 
2 5 8 3 8 
2 1 4 3 7 
2 4 6 2 8 
2 2 8 8 8 
2 11 6 3 7 
2 3 7 4 6 
2 5 5 11 4 
2 11 4 11 6 
2 10 3 11 6 
2 10 1 11 4 
2 5 2 9 3 
2 9 3 10 3 
2 4 5 2 4 
2 7 2 1 3 
3 11 5 8 8 8 9 
2 8 4 7 2 
2 7 5 8 4 
7 4 11 7 5 6 6 6 7 5 7 3 8 6 10 
7 2 3 8 4 6 7 8 2 1 1 7 1 6 0 
