12 12
0
16
2 6 11 8 0 
2 1 0 5 9 
2 1 0 0 4 
2 1 4 2 1 
2 3 8 2 1 
2 10 11 10 9 
2 7 10 11 5 
2 8 11 3 9 
2 10 10 0 9 
2 6 11 8 0 
2 2 9 6 10 
2 0 0 1 3 
2 6 9 1 3 
2 4 7 5 5 
3 6 5 8 6 10 4 
3 8 7 8 5 5 2 
1
1 5 7 
80
2 11 6 10 1 
2 1 4 2 5 
2 2 7 4 8 
2 4 8 5 6 
3 5 6 4 1 9 2 
2 7 10 10 11 
2 10 11 11 8 
2 10 9 11 5 
2 11 5 11 8 
3 11 8 11 6 6 2 
2 4 0 4 3 
2 1 6 4 3 
2 6 3 8 2 
3 4 3 7 1 10 2 
3 9 10 9 5 6 3 
2 3 6 9 5 
2 8 3 11 2 
3 9 5 8 3 9 6 
2 7 1 11 2 
3 8 2 7 1 10 2 
2 1 0 1 1 
2 5 9 0 3 
2 7 0 7 4 
2 7 4 4 5 
2 11 2 5 0 
2 5 0 5 7 
2 6 1 4 5 
2 4 5 5 7 
2 10 2 6 1 
2 9 6 6 1 
2 10 5 3 4 
3 6 6 10 5 1 6 
2 5 2 6 6 
2 10 4 6 6 
3 6 4 10 5 1 6 
2 7 6 6 4 
2 2 3 3 4 
3 9 7 2 3 4 0 
2 0 0 2 8 
3 3 4 8 3 9 6 
2 2 9 4 7 
2 4 7 7 8 
2 5 5 6 10 
2 6 10 7 8 
2 6 9 2 8 
2 2 8 2 4 
2 1 3 2 4 
3 2 4 9 8 9 10 
3 7 8 9 8 9 10 
3 9 8 3 6 8 2 
2 8 1 9 1 
3 4 1 8 1 7 4 
2 2 5 2 0 
2 3 8 2 5 
3 2 0 9 3 6 2 
2 2 1 2 0 
2 10 1 3 1 
2 9 3 10 1 
3 3 1 4 1 9 2 
2 6 2 3 1 
3 8 5 8 6 10 4 
2 8 6 9 7 
3 6 5 8 7 5 2 
2 8 7 9 7 
3 8 0 9 4 7 6 
3 9 4 2 3 4 0 
3 6 11 8 4 6 4 
2 8 4 9 4 
3 9 2 9 1 7 0 
2 9 1 5 0 
2 7 7 5 6 
2 9 9 7 7 
2 8 11 10 10 
3 1 1 7 7 2 7 
2 0 3 1 1 
2 0 4 0 3 
3 8 9 9 9 4 8 
2 3 9 8 9 
2 0 9 3 9 
2 10 10 8 9 
