12 12
0
19
1 10 4 
2 1 10 2 6 
1 2 8 
2 8 2 7 2 
1 4 8 
1 5 7 
1 4 10 
1 3 1 
1 6 11 
1 1 4 
1 7 7 
1 1 5 
9 7 7 5 0 1 5 4 8 5 7 4 10 3 1 6 11 1 4 
1 6 1 
1 5 2 
3 8 4 3 5 10 8 
2 8 4 10 8 
1 9 2 
2 5 6 3 0 
9
1 7 11 
1 6 2 
1 10 2 
1 5 10 
1 6 5 
1 2 10 
1 1 6 
1 9 11 
1 2 5 
48
2 0 2 1 6 
2 11 8 9 10 
2 6 11 9 11 
2 9 8 8 8 
2 3 1 1 6 
2 4 8 5 10 
2 4 10 2 10 
2 3 5 2 7 
2 2 7 5 10 
2 3 2 4 4 
2 4 4 6 2 
2 1 5 4 4 
3 7 2 3 2 10 2 
4 1 9 2 2 7 4 3 2 
3 2 2 8 6 10 2 
2 8 8 9 11 
3 2 8 1 9 3 8 
3 10 4 8 7 9 8 
3 9 2 6 0 11 8 
4 8 4 6 0 6 9 11 8 
4 6 0 5 6 7 8 3 0 
4 5 6 8 7 0 3 9 8 
4 8 7 1 10 10 6 2 6 
4 1 10 1 9 3 8 1 8 
2 0 3 0 2 
2 7 4 6 2 
2 8 2 7 4 
2 3 0 0 2 
2 5 3 6 5 
2 5 8 5 3 
2 10 8 5 8 
2 6 9 5 8 
2 5 7 6 5 
2 5 2 6 1 
2 3 8 6 6 
8 5 0 6 6 9 5 7 2 2 7 5 3 0 3 1 8 
2 6 1 5 0 
2 8 6 7 11 
2 6 6 8 6 
4 9 5 8 2 7 8 10 6 
2 7 8 9 10 
2 7 7 7 11 
2 9 10 2 10 
2 0 7 2 5 
2 1 4 2 5 
2 1 8 0 7 
2 2 6 0 7 
2 10 6 8 8 
