12 12
0
27
1 5 9 
1 1 8 
1 4 1 
1 0 8 
1 7 4 
3 0 10 9 11 7 9 
2 0 10 7 9 
1 3 11 
2 4 0 9 4 
1 3 5 
2 6 7 3 1 
1 7 11 
1 7 5 
1 5 11 
1 2 2 
1 9 10 
1 9 8 
1 2 8 
1 6 3 
1 0 7 
9 6 1 7 5 5 11 2 2 9 10 9 8 2 8 6 3 0 7 
1 1 1 
1 3 2 
1 3 6 
1 9 1 
1 10 1 
1 4 10 
17
1 2 6 
1 7 5 
1 5 11 
1 2 2 
1 9 10 
1 10 7 
1 2 8 
1 5 0 
1 0 2 
1 9 5 
1 4 2 
1 8 0 
1 1 11 
1 5 8 
1 0 1 
1 5 7 
1 1 3 
67
2 11 7 5 10 
7 2 6 9 1 10 1 4 10 5 9 4 1 0 8 
2 3 8 4 2 
2 2 9 3 4 
2 10 1 8 0 
2 7 9 8 10 
2 9 1 4 2 
2 8 10 3 8 
2 6 10 8 10 
2 7 5 4 5 
2 3 4 5 2 
2 0 5 3 4 
2 1 4 1 3 
2 4 6 1 4 
2 5 9 5 8 
2 3 3 9 2 
2 4 10 1 11 
2 9 4 11 7 
2 5 2 8 0 
2 5 10 1 11 
2 6 6 11 7 
2 5 11 3 8 
3 9 8 10 7 8 9 
3 4 3 2 6 4 4 
3 6 3 5 0 7 8 
2 2 2 5 2 
6 5 5 9 9 6 10 6 6 5 3 8 8 
2 9 9 9 5 
2 3 6 4 4 
2 4 4 4 5 
3 0 7 0 2 1 4 
2 9 11 9 9 
2 4 5 9 5 
2 9 10 5 10 
4 6 9 4 0 0 5 9 4 
4 0 10 6 9 6 10 2 9 
3 7 11 8 6 7 0 
3 3 5 6 4 3 3 
6 2 1 0 3 5 5 0 5 7 2 2 5 
3 0 3 4 3 4 6 
2 1 1 3 2 
2 3 2 2 1 
3 1 8 0 3 6 8 
2 6 1 2 1 
4 6 7 8 6 5 3 7 0 
5 8 6 4 3 2 5 8 8 11 5 
4 4 0 6 4 6 6 3 3 
4 6 4 6 7 7 2 3 1 
2 2 8 3 7 
2 7 8 5 7 
2 8 8 6 8 
2 6 8 1 3 
2 0 8 5 7 
2 7 0 5 4 
2 2 5 5 4 
2 5 4 7 8 
2 7 4 11 5 
2 11 5 4 6 
3 3 11 6 9 2 9 
2 1 2 3 7 
2 5 3 1 2 
2 3 1 1 2 
2 4 1 0 1 
2 8 9 5 8 
2 9 2 8 9 
2 7 2 9 2 
2 3 7 0 1 
