12 12
0
16
1 6 10 
1 1 10 
1 7 10 
4 8 6 1 7 3 5 7 8 
1 10 4 
1 5 4 
1 10 4 
1 8 2 
1 8 2 
1 8 4 
1 8 4 
3 5 1 8 3 7 2 
1 7 4 
2 7 3 11 6 
3 5 5 11 6 7 5 
1 10 9 
13
1 6 1 
1 0 4 
1 10 6 
1 4 8 
1 7 5 
1 8 3 
1 6 0 
1 5 0 
1 6 10 
1 10 9 
1 7 6 
1 1 10 
1 2 0 
30
2 7 8 7 6 
2 1 1 2 0 
2 8 2 9 1 
3 9 1 6 0 9 0 
3 7 2 6 0 5 0 
2 8 4 9 1 
2 5 2 8 3 
2 3 5 4 7 
2 4 7 4 8 
2 10 4 5 4 
2 7 10 7 4 
3 7 4 3 3 5 2 
3 3 3 6 1 2 4 
4 7 3 9 5 2 4 7 5 
4 5 5 9 5 0 3 1 7 
4 9 5 11 1 5 2 7 2 
3 11 6 11 1 10 6 
2 11 1 6 1 
2 7 5 7 7 
2 1 7 4 8 
2 7 7 7 8 
3 2 7 7 7 1 1 
2 9 0 5 0 
3 5 1 0 3 7 6 
3 5 4 1 4 2 7 
3 1 4 0 4 3 5 
3 0 3 1 4 1 1 
2 0 6 0 4 
4 2 4 0 6 4 7 2 0 
2 8 6 10 6 
