12 12
0
17
2 2 3 0 8 
2 10 7 9 3 
2 5 7 11 0 
1 8 8 
1 4 10 
1 10 3 
1 6 1 
1 7 10 
1 1 5 
1 10 5 
1 6 8 
9 9 1 5 1 1 10 8 10 1 0 7 5 2 3 10 7 5 7 
2 9 1 1 2 
2 1 10 4 3 
2 8 10 3 7 
2 1 0 2 8 
2 7 5 0 7 
16
1 9 5 
1 3 10 
1 9 6 
1 1 2 
1 3 1 
1 4 3 
1 7 6 
1 3 7 
1 3 5 
1 2 8 
1 11 8 
1 0 7 
1 5 9 
1 0 8 
1 9 3 
1 11 0 
17
2 5 7 5 9 
2 6 8 5 9 
2 10 5 11 8 
2 10 7 11 8 
2 2 3 3 5 
2 1 5 3 5 
2 1 10 3 10 
2 9 1 9 5 
9 5 1 8 8 4 10 10 3 6 1 7 10 1 5 10 5 6 8 
2 8 8 9 5 
2 7 10 7 6 
2 8 10 9 6 
2 10 3 9 6 
2 6 1 3 1 
2 1 0 3 1 
2 7 5 7 6 
2 4 10 3 10 
