12 12
0
10
1 9 9 
1 9 9 
2 8 1 10 10 
1 3 6 
1 5 2 
1 2 2 
2 7 6 0 8 
5 10 3 4 11 3 3 3 1 7 1 
5 3 7 5 1 8 4 1 4 9 1 
2 3 7 3 4 
7
1 6 5 
1 2 4 
1 7 3 
1 8 5 
1 3 1 
1 0 6 
1 0 8 
37
2 2 10 0 8 
2 0 4 0 6 
4 10 3 5 5 5 1 7 5 
2 2 2 4 5 
2 1 6 0 1 
2 0 1 2 4 
2 6 2 10 2 
2 10 2 9 2 
2 10 1 9 2 
4 8 4 7 0 7 7 7 3 
6 3 4 7 0 3 3 7 5 7 1 0 6 
3 7 0 10 2 3 1 
3 5 2 6 2 7 7 
2 3 6 4 2 
4 3 3 4 2 7 3 8 5 
3 4 2 6 2 1 6 
2 3 1 0 1 
2 7 7 1 6 
2 9 1 8 5 
2 9 2 6 5 
3 8 9 1 4 0 4 
2 10 10 8 9 
2 7 5 5 6 
2 1 4 5 6 
2 4 8 2 4 
2 5 6 4 8 
2 8 1 10 1 
3 5 1 8 1 0 4 
3 7 6 4 7 4 8 
2 5 5 7 6 
2 4 5 5 5 
3 3 7 4 5 4 11 
2 7 8 10 1 
3 4 11 7 8 2 10 
3 9 9 7 8 8 9 
2 4 7 6 5 
2 7 1 9 1 
