12 12
0
7
6 6 4 10 1 4 5 2 9 5 0 1 11 
5 2 6 6 4 6 1 8 9 7 1 
5 8 8 7 6 5 0 0 5 6 9 
5 6 6 10 2 2 9 1 4 3 7 
3 11 9 10 1 3 5 
4 4 0 5 4 4 10 4 9 
4 6 6 10 2 4 5 1 11 
4
1 4 1 
1 9 11 
1 0 6 
1 3 4 
80
3 8 7 7 6 4 9 
3 7 6 7 7 3 6 
2 3 3 3 9 
5 4 5 8 3 4 11 10 7 1 2 
2 8 3 3 9 
2 3 9 8 6 
2 10 5 9 8 
2 9 8 8 6 
3 8 6 7 7 7 2 
3 2 9 8 7 4 11 
2 4 10 0 6 
2 6 11 4 10 
2 3 6 4 4 
2 4 9 3 6 
2 4 6 6 5 
2 5 6 4 6 
2 6 9 6 11 
2 6 5 6 9 
2 7 2 4 4 
5 8 8 8 2 3 3 10 5 2 8 
2 6 6 1 5 
7 11 9 5 5 5 1 8 3 9 5 11 3 5 6 
4 5 5 2 5 8 10 7 11 
3 1 5 2 5 3 5 
6 2 6 5 5 5 1 3 3 8 7 3 8 
2 4 4 0 6 
3 2 5 11 8 11 4 
3 11 8 8 5 9 6 
2 3 7 3 4 
2 2 4 0 2 
3 1 2 3 7 2 4 
2 0 2 3 4 
2 11 4 11 3 
2 7 0 11 4 
2 0 8 4 8 
2 4 2 4 1 
2 3 1 4 2 
2 2 3 3 1 
2 0 5 2 3 
2 4 8 9 11 
2 11 3 4 8 
2 10 7 6 8 
2 6 8 6 11 
2 7 1 6 5 
2 9 6 8 9 
2 8 9 10 10 
2 7 11 10 10 
2 10 10 9 11 
3 1 11 4 6 1 2 
3 1 4 5 6 0 2 
3 4 11 6 1 3 11 
2 3 8 0 9 
3 3 5 7 3 3 8 
2 7 7 5 10 
3 7 3 4 0 7 2 
2 5 0 7 3 
2 5 10 6 3 
2 4 0 5 10 
2 5 4 4 2 
2 6 3 4 1 
3 3 11 7 8 0 8 
2 7 8 0 5 
2 2 8 3 1 
3 8 10 7 8 10 7 
2 5 8 0 9 
2 0 9 2 8 
2 9 5 7 4 
2 7 4 5 8 
3 6 1 5 8 7 0 
5 10 6 7 4 3 11 7 11 7 1 
2 8 2 6 3 
2 8 5 8 2 
2 10 1 8 1 
3 9 2 10 4 7 0 
3 6 4 9 2 9 5 
5 10 2 9 2 8 1 10 5 10 6 
2 10 4 8 5 
2 9 3 10 4 
6 5 1 9 3 9 8 2 3 0 8 6 8 
3 8 1 9 3 9 6 
