12 12
0
21
3 8 2 8 6 8 10 
4 5 8 5 6 3 3 7 5 
2 10 3 6 11 
2 3 11 8 9 
2 1 10 10 9 
2 4 5 8 11 
2 0 10 4 6 
1 4 2 
1 10 1 
1 7 11 
1 10 0 
1 1 7 
1 9 9 
1 7 6 
1 2 6 
2 6 1 9 5 
1 6 1 
1 9 5 
2 0 10 5 9 
7 3 1 1 6 8 1 2 10 10 5 6 5 3 8 
1 5 2 
20
1 1 10 
1 8 11 
1 7 5 
1 8 9 
1 6 11 
1 7 0 
1 6 1 
1 0 10 
1 8 10 
1 8 4 
1 5 0 
1 5 9 
1 0 3 
1 7 3 
1 2 3 
1 8 1 
1 4 11 
1 10 7 
1 3 4 
1 3 5 
41
2 10 0 10 2 
2 10 2 8 1 
2 3 11 4 11 
3 8 6 6 9 10 3 
2 0 4 2 3 
5 1 6 6 9 0 3 7 3 0 4 
2 3 1 5 0 
2 4 2 4 1 
2 4 1 3 1 
13 5 6 5 2 4 1 8 6 10 0 3 11 2 7 10 9 9 7 4 5 7 7 4 6 2 8 
2 5 2 5 0 
3 8 3 8 4 7 3 
2 7 6 7 7 
2 2 7 2 10 
2 1 3 0 3 
2 9 1 6 2 
2 10 3 10 2 
2 2 8 3 8 
4 5 5 8 3 1 3 0 4 
5 9 5 5 5 5 6 9 1 7 9 
2 6 2 1 3 
2 10 1 9 1 
2 6 9 5 9 
2 1 7 2 7 
3 8 2 8 3 6 2 
2 5 8 5 5 
2 6 1 7 0 
2 7 11 7 9 
2 3 8 3 5 
2 9 7 10 5 
2 4 5 3 4 
2 2 6 2 8 
2 2 10 4 11 
2 9 9 9 7 
2 10 9 10 7 
2 7 9 3 3 
2 3 3 2 3 
2 7 7 6 5 
2 10 5 10 7 
2 4 6 3 5 
2 6 5 3 4 
