12 12
0
12
2 2 1 7 6 
1 1 7 
1 10 0 
1 6 9 
2 1 2 5 7 
2 4 2 8 10 
1 7 0 
1 5 4 
3 7 8 2 3 9 2 
2 7 3 3 8 
6 5 6 10 0 1 7 4 3 1 1 7 6 
2 8 5 3 7 
2
1 10 5 
1 3 5 
41
2 6 9 5 9 
7 5 6 5 9 5 4 7 0 3 0 8 10 5 7 
3 7 3 7 1 8 6 
2 3 7 3 5 
2 5 9 6 4 
5 7 8 5 5 8 1 8 11 6 10 
2 6 7 6 10 
2 6 10 3 10 
2 7 6 6 7 
2 5 7 6 7 
2 1 1 3 2 
2 3 2 9 2 
3 1 7 3 6 4 8 
2 4 2 4 3 
2 4 3 2 3 
2 2 3 3 6 
2 3 6 9 6 
2 2 1 3 0 
2 3 0 3 2 
2 1 2 1 1 
2 3 10 3 8 
2 4 11 3 10 
2 8 11 4 11 
2 3 8 3 7 
2 9 6 8 6 
2 9 2 9 6 
2 11 5 10 5 
2 8 6 11 5 
2 2 5 3 5 
2 8 10 8 11 
2 4 8 4 11 
2 8 5 11 5 
3 7 1 10 5 2 5 
2 10 0 8 0 
2 6 4 7 2 
2 5 5 6 4 
2 5 4 5 5 
2 7 2 7 1 
2 8 1 7 2 
2 8 0 8 1 
2 7 0 8 0 
