12 12
0
21
1 9 7 
3 8 10 9 4 8 9 
4 7 6 3 4 3 9 6 6 
8 11 9 9 8 7 4 4 4 0 2 3 6 6 2 10 5 
1 1 4 
1 0 1 
1 10 5 
1 3 2 
1 6 11 
1 6 2 
1 8 5 
1 9 1 
1 8 6 
1 2 6 
1 0 2 
1 2 10 
1 7 4 
1 11 9 
1 1 0 
1 3 8 
1 7 5 
1
1 0 4 
55
2 6 6 6 8 
2 5 1 5 3 
2 5 7 2 5 
2 2 5 0 4 
2 8 5 11 5 
2 11 5 11 6 
2 3 6 4 3 
2 6 2 6 1 
2 5 10 5 8 
2 2 6 3 6 
2 8 6 8 9 
2 8 9 5 10 
2 6 11 5 11 
2 5 11 5 10 
2 4 6 2 5 
2 3 9 4 9 
2 2 10 1 9 
2 1 9 1 7 
2 7 4 8 3 
10 4 4 7 5 1 9 3 8 1 0 5 11 8 6 4 1 9 1 8 5 
2 7 5 8 3 
2 8 3 7 3 
2 7 3 7 9 
2 7 9 7 6 
2 7 6 4 6 
3 1 4 3 3 5 7 
2 11 6 5 5 
2 5 5 6 6 
2 6 8 5 7 
2 3 3 4 6 
2 3 4 3 3 
2 4 1 5 3 
2 3 2 4 1 
2 4 9 6 8 
2 5 8 4 9 
2 4 3 5 8 
2 6 1 4 3 
2 1 8 1 7 
2 3 8 1 8 
2 0 2 2 0 
2 1 7 1 3 
2 2 0 2 1 
2 1 0 2 0 
2 1 3 3 4 
2 2 1 1 3 
7 9 4 7 3 1 8 2 1 6 1 5 1 11 6 
2 11 10 7 9 
2 10 5 11 5 
2 0 1 0 4 
2 5 3 5 5 
2 8 10 11 10 
2 9 8 8 10 
2 9 7 9 8 
2 11 9 11 10 
2 9 1 5 1 
