12 12
0
16
1 0 5 
1 2 9 
1 7 3 
1 7 1 
2 7 1 2 7 
2 5 10 6 6 
2 5 7 6 6 
1 3 5 
1 10 8 
1 0 6 
2 5 3 10 1 
1 0 5 
2 4 6 4 4 
2 8 7 1 3 
2 9 3 11 6 
1 2 7 
5
1 3 3 
1 7 8 
1 3 2 
1 9 5 
1 1 6 
37
2 9 4 9 5 
2 11 6 10 6 
2 10 6 9 4 
2 9 8 9 5 
2 9 3 9 4 
2 10 8 9 8 
2 3 1 4 1 
2 4 1 3 2 
4 4 6 5 8 9 7 1 4 
2 4 4 3 4 
2 10 0 10 1 
2 10 1 9 0 
5 6 6 9 0 3 4 3 1 10 6 
2 9 0 8 0 
2 8 0 3 3 
2 7 3 7 6 
2 7 6 7 8 
2 1 3 3 1 
2 1 4 1 3 
2 0 6 1 6 
2 0 5 0 6 
2 2 7 1 6 
2 5 8 7 8 
2 3 4 5 8 
2 3 5 4 5 
2 8 7 9 7 
2 4 5 3 2 
2 7 4 4 1 
4 9 7 7 4 9 3 11 6 
2 5 0 8 0 
4 4 3 5 0 4 6 4 4 
2 5 10 5 7 
2 2 9 2 6 
3 7 1 4 3 10 0 
2 5 3 4 3 
2 2 6 3 3 
5 5 7 2 6 7 6 4 5 9 8 
