12 12
0
14
1 2 7 
1 11 6 
1 9 3 
2 4 6 7 2 
2 9 3 7 1 
2 4 7 7 2 
1 4 8 
1 5 2 
1 4 3 
1 9 1 
3 9 8 10 4 2 4 
3 8 6 0 4 10 9 
2 7 5 10 10 
1 9 1 
5
1 9 6 
1 7 8 
1 5 4 
1 8 1 
1 0 5 
40
2 2 7 3 5 
2 7 1 8 1 
2 7 7 9 5 
2 9 5 5 4 
2 9 9 9 10 
2 9 10 7 7 
2 10 10 9 10 
2 10 9 9 9 
2 6 8 7 8 
2 2 4 2 3 
3 9 1 10 2 8 1 
2 10 2 8 2 
5 8 2 11 4 3 6 9 5 4 5 
2 10 4 11 4 
2 11 4 9 4 
2 9 4 9 6 
2 4 8 6 8 
2 7 5 7 7 
2 5 2 5 4 
2 0 6 0 5 
2 4 5 0 6 
2 1 6 0 6 
2 3 5 0 5 
3 2 3 8 6 0 4 
2 1 3 2 3 
2 0 4 3 6 
3 8 6 7 6 7 5 
2 7 6 7 8 
2 3 6 7 6 
2 3 2 5 2 
2 7 2 8 2 
3 9 8 9 4 9 9 
2 10 6 9 6 
5 4 7 10 6 6 8 3 2 3 5 
3 4 6 4 7 6 3 
2 11 6 10 6 
4 7 4 9 8 10 4 4 5 
4 6 3 7 4 1 3 1 6 
3 9 3 6 3 10 2 
4 4 3 7 4 1 3 1 6 
