12 12
0
11
1 7 4 
3 2 6 5 7 4 5 
1 2 0 
2 3 4 4 2 
1 1 3 
2 7 2 3 3 
2 6 3 1 4 
2 6 9 10 7 
2 7 9 10 8 
2 5 8 7 7 
1 3 8 
3
1 1 2 
1 5 9 
1 9 0 
37
3 3 4 3 5 5 7 
3 4 2 2 6 5 5 
3 1 3 3 4 4 2 
2 2 6 3 5 
4 3 5 4 1 3 6 8 5 
2 2 1 2 0 
2 2 0 9 0 
2 6 6 9 6 
2 9 6 9 0 
2 2 2 1 2 
2 10 4 7 4 
2 10 3 8 3 
4 8 3 4 3 5 9 8 7 
3 3 8 5 8 7 7 
3 5 8 4 3 6 10 
2 4 3 2 2 
2 3 6 5 6 
2 5 7 5 6 
2 5 6 2 2 
2 5 5 6 6 
2 4 5 5 5 
2 7 4 1 2 
3 7 10 6 10 8 7 
2 7 7 7 10 
2 6 10 5 9 
2 8 5 6 6 
2 8 7 9 6 
3 10 8 10 3 10 4 
2 10 7 10 8 
3 3 3 5 1 3 6 
2 1 4 3 3 
3 6 3 5 1 8 5 
2 7 2 6 3 
3 6 9 10 3 2 1 
2 7 9 6 9 
4 4 1 8 3 10 4 2 1 
2 5 1 4 1 
