12 12
0
16
3 10 9 0 4 0 9 
1 7 5 
1 5 7 
1 7 5 
1 8 3 
2 1 3 6 3 
2 9 1 5 5 
2 9 1 6 5 
3 1 5 5 2 6 5 
3 2 3 3 11 4 7 
2 7 9 8 6 
3 6 8 10 6 0 9 
2 6 8 4 9 
2 1 9 4 9 
2 2 10 1 9 
2 2 10 9 11 
4
1 6 11 
1 10 10 
1 9 11 
1 3 8 
42
2 3 4 3 7 
3 9 9 10 10 9 11 
2 5 11 9 10 
2 9 10 9 9 
2 4 11 5 11 
2 3 11 5 11 
2 9 5 9 10 
3 4 9 4 11 3 4 
2 5 2 6 2 
2 6 2 5 3 
3 9 1 8 3 9 2 
2 8 3 8 5 
2 8 5 6 6 
2 6 6 6 11 
2 10 9 10 10 
3 5 5 6 3 8 7 
2 6 3 6 2 
2 8 6 9 5 
2 10 6 8 6 
2 2 9 3 8 
2 4 7 2 9 
2 8 7 4 7 
2 0 9 2 9 
2 3 7 3 8 
2 1 7 3 7 
3 2 10 2 7 1 7 
2 0 4 2 4 
2 2 7 2 4 
2 1 9 2 7 
2 5 3 9 9 
2 2 4 5 3 
2 9 2 9 5 
3 6 5 9 2 1 7 
2 7 5 8 5 
2 6 7 6 6 
2 5 7 6 7 
3 6 8 5 7 4 11 
4 7 9 6 11 3 11 8 7 
2 1 5 6 7 
2 0 2 1 5 
3 2 3 0 2 5 2 
4 1 3 0 2 0 4 3 4 
