12 12
0
14
3 2 3 2 4 4 1 
1 1 2 
5 7 9 11 11 2 8 5 7 2 9 
3 7 9 6 10 5 2 
2 9 9 8 10 
4 9 8 11 10 5 7 3 3 
2 4 7 7 2 
1 7 1 
1 0 0 
1 9 6 
1 8 1 
1 7 0 
1 3 6 
4 5 5 2 8 3 3 4 7 
11
1 0 10 
1 1 8 
1 2 5 
1 1 5 
1 2 1 
1 2 0 
1 0 9 
1 5 5 
1 4 11 
1 4 7 
1 5 2 
42
2 7 4 5 9 
2 2 10 4 11 
2 2 9 2 10 
2 8 1 5 3 
2 5 3 6 2 
2 3 3 3 6 
3 3 6 5 3 2 9 
2 0 0 0 1 
2 0 1 6 2 
3 5 7 4 10 7 2 
3 4 10 5 9 4 11 
3 2 8 0 9 2 10 
3 2 3 1 3 4 0 
2 0 11 0 10 
2 8 10 6 10 
3 6 10 9 10 4 10 
2 11 11 11 10 
2 11 10 9 10 
2 9 10 7 10 
3 7 10 0 10 3 10 
2 0 10 1 8 
4 5 5 4 5 2 1 2 0 
2 7 2 5 2 
3 4 0 2 0 7 0 
2 7 5 7 4 
2 7 6 7 5 
2 9 6 7 6 
2 8 0 7 5 
2 7 0 8 0 
2 7 1 8 0 
2 6 2 7 4 
3 1 3 2 5 0 1 
5 1 2 1 3 2 4 4 1 4 0 
3 4 5 2 5 1 5 
3 2 4 1 5 7 6 
3 4 1 2 1 8 1 
2 5 9 3 10 
3 7 8 0 11 5 5 
2 9 9 7 8 
2 3 10 0 9 
2 9 8 9 9 
2 7 9 7 8 
