12 12
0
5
2 1 1 6 8 
4 6 10 10 1 3 8 6 6 
4 4 10 10 2 3 8 6 6 
5 2 4 7 4 10 8 3 10 8 7 
2 0 3 6 8 
16
1 3 6 
1 5 1 
1 8 9 
1 7 0 
1 1 11 
1 1 7 
1 8 1 
1 8 5 
1 3 2 
1 5 4 
1 10 10 
1 7 3 
1 4 9 
1 1 5 
1 8 11 
1 11 6 
18
3 3 10 1 11 4 9 
2 10 2 10 1 
3 10 1 10 8 9 2 
3 10 8 8 9 10 10 
3 9 2 7 0 7 3 
3 3 8 3 10 5 6 
3 5 6 1 7 1 5 
3 6 6 8 7 11 5 
9 6 8 8 1 8 5 3 2 5 4 10 10 7 3 4 9 1 5 
3 8 7 8 1 8 11 
3 11 5 8 5 11 6 
3 5 3 5 1 5 4 
5 7 4 5 3 9 2 5 6 11 5 
9 0 3 3 6 5 1 8 9 7 0 1 11 1 7 8 11 11 6 
2 1 1 0 3 
3 2 4 3 6 3 2 
3 4 10 2 4 5 3 
2 6 10 4 10 
