12 12
0
21
1 7 0 
1 5 0 
4 8 11 11 8 8 0 11 1 
6 3 5 5 6 1 1 8 10 9 4 7 4 
7 9 9 6 7 5 7 1 7 10 6 10 1 4 2 
1 9 5 
1 4 5 
1 1 8 
1 4 10 
2 2 1 2 9 
1 1 0 
1 7 8 
1 0 4 
2 4 9 3 3 
1 11 6 
1 5 1 
1 3 1 
1 10 1 
1 11 5 
1 0 10 
1 10 6 
1
1 8 6 
65
2 2 7 6 7 
2 6 7 8 11 
2 4 10 5 9 
3 5 9 6 10 2 7 
4 5 3 6 10 1 5 8 2 
2 6 10 4 11 
2 4 11 3 11 
2 3 11 6 11 
2 4 5 5 6 
2 5 6 2 7 
2 7 1 6 4 
2 11 1 7 1 
2 9 5 8 6 
2 6 4 9 5 
2 7 4 11 4 
2 5 4 7 4 
2 10 3 11 1 
2 11 4 10 3 
2 9 6 9 3 
2 8 10 9 6 
2 2 10 8 10 
2 0 10 2 10 
2 11 5 9 6 
2 8 2 9 3 
2 7 0 8 2 
2 3 4 8 6 
2 10 6 9 4 
2 9 3 9 0 
2 3 1 4 2 
2 4 2 6 2 
2 6 2 11 3 
2 11 3 10 3 
2 9 4 8 0 
2 8 0 9 0 
2 9 0 7 1 
2 10 1 11 3 
2 11 6 11 4 
2 5 1 5 4 
2 1 0 1 1 
3 0 2 1 2 1 5 
2 6 11 3 9 
2 8 11 6 11 
2 7 8 8 8 
2 11 8 6 8 
2 8 8 5 7 
2 4 9 8 8 
2 0 4 0 2 
2 5 7 6 6 
2 6 8 3 9 
2 3 9 3 4 
2 1 6 6 6 
2 6 6 6 8 
2 1 5 2 6 
2 2 6 1 6 
2 1 7 1 6 
2 3 3 2 6 
2 1 1 1 2 
2 1 2 1 7 
2 2 9 4 11 
2 1 8 3 11 
3 5 0 3 4 6 4 
2 2 3 1 8 
2 2 1 2 3 
7 3 5 2 1 5 9 5 3 4 9 0 2 6 2 
7 9 9 2 3 5 3 11 5 2 10 11 6 5 4 
