12 12
0
19
1 4 4 
2 7 2 7 1 
1 7 4 
2 1 4 6 6 
1 0 1 
1 5 11 
1 10 5 
1 1 10 
1 5 3 
1 5 0 
1 11 7 
1 1 11 
9 11 7 3 4 1 11 0 1 5 11 10 5 1 10 5 3 5 0 
1 3 5 
1 3 7 
3 7 5 2 3 10 1 
2 7 5 10 1 
1 8 8 
2 3 8 4 8 
9
1 10 8 
1 1 8 
1 5 6 
1 0 2 
1 6 11 
1 9 5 
1 3 10 
1 5 1 
1 5 2 
48
2 4 10 3 10 
2 8 7 7 6 
2 5 3 5 1 
2 3 2 2 1 
2 1 10 3 10 
2 0 1 0 2 
2 10 5 9 5 
2 2 3 0 3 
2 0 3 0 2 
2 7 9 1 9 
2 1 9 1 8 
2 1 11 1 9 
3 6 6 7 9 5 6 
4 8 6 7 8 1 6 7 9 
3 7 8 8 9 5 6 
2 2 1 5 1 
3 7 4 8 6 8 4 
3 4 4 3 1 3 2 
3 8 8 5 7 8 7 
4 7 5 5 7 9 0 8 7 
4 5 7 3 8 5 5 4 8 
4 3 8 3 1 4 9 3 2 
4 3 1 7 2 1 1 7 1 
4 7 2 8 6 8 4 6 3 
2 4 9 4 10 
2 1 6 1 8 
2 1 4 1 6 
2 4 8 4 10 
2 8 2 6 11 
2 9 1 8 2 
2 10 1 9 1 
2 9 0 9 1 
2 5 11 6 11 
2 3 7 3 5 
2 8 4 8 10 
8 3 4 8 10 0 4 6 6 0 3 8 2 4 9 6 3 
2 3 5 3 4 
2 8 9 10 8 
2 8 10 8 9 
4 0 4 1 4 5 5 1 1 
2 5 5 7 6 
2 11 7 10 8 
2 7 6 9 5 
2 6 1 5 2 
2 5 0 5 2 
2 6 3 6 1 
2 7 1 6 1 
2 1 1 2 1 
