12 12
0
27
1 7 10 
1 8 2 
1 3 2 
1 8 4 
1 4 3 
3 5 11 7 4 1 9 
2 5 11 1 9 
1 8 7 
2 6 11 7 3 
1 10 10 
2 8 8 2 8 
1 9 7 
1 9 6 
1 6 10 
1 4 0 
1 5 6 
1 1 2 
1 3 6 
1 9 3 
1 2 7 
9 0 2 9 6 6 10 4 0 5 6 1 2 3 6 9 3 2 7 
1 6 4 
1 6 2 
1 11 0 
1 9 8 
1 9 1 
1 2 5 
17
1 3 4 
1 9 6 
1 6 10 
1 4 0 
1 5 6 
1 2 1 
1 3 6 
1 8 0 
1 4 9 
1 5 7 
1 10 7 
1 8 1 
1 2 6 
1 8 9 
1 1 1 
1 11 5 
1 4 2 
67
2 6 7 7 6 
7 3 4 9 8 9 1 2 5 7 10 3 2 8 4 
2 6 9 10 7 
2 9 5 8 3 
2 9 1 8 1 
2 1 9 2 9 
2 9 8 10 7 
2 2 9 6 9 
2 3 10 2 9 
2 9 6 10 6 
2 8 3 6 1 
2 9 4 8 3 
2 5 2 4 2 
2 2 3 5 2 
2 7 10 8 9 
2 7 11 7 7 
2 2 5 2 6 
2 7 3 6 7 
2 6 1 8 1 
2 7 6 2 6 
2 6 8 6 7 
2 6 10 6 9 
3 1 2 2 1 4 4 
3 5 3 3 4 10 1 
3 9 3 8 0 10 3 
2 4 0 6 1 
6 5 9 5 4 3 10 6 8 4 8 3 5 
2 5 4 5 7 
2 11 0 10 1 
2 10 1 10 6 
3 2 7 4 9 5 2 
2 7 4 5 4 
2 10 6 5 7 
2 5 6 7 6 
4 7 8 6 11 9 4 7 3 
4 5 11 7 8 3 10 9 5 
3 9 7 8 10 11 4 
3 10 10 5 10 7 11 
6 0 3 5 5 5 9 9 4 10 9 10 4 
3 5 5 5 3 2 3 
2 6 4 6 2 
2 6 2 0 3 
3 8 2 5 5 6 3 
2 0 2 0 3 
4 8 8 8 10 4 8 11 4 
5 8 10 5 3 10 4 3 5 2 4 
4 6 11 5 10 6 8 7 11 
4 5 10 8 8 10 9 2 8 
2 3 6 3 3 
2 10 3 11 5 
2 3 5 6 3 
2 6 3 4 2 
2 8 4 11 5 
2 11 4 11 3 
2 10 4 11 3 
2 11 3 10 3 
2 4 3 2 4 
2 2 4 2 3 
3 8 7 7 8 9 5 
2 4 5 3 3 
2 4 8 4 5 
2 2 8 4 5 
2 3 2 1 1 
2 4 4 8 9 
2 7 7 4 4 
2 10 9 7 7 
2 3 3 1 1 
