12 12
0
16
1 11 3 
1 1 10 
1 10 9 
4 1 4 6 4 7 1 6 1 
1 6 5 
1 5 6 
1 6 5 
1 3 6 
1 3 6 
1 3 7 
1 3 7 
3 6 2 10 7 3 8 
1 11 8 
2 7 6 5 5 
3 6 8 5 5 9 4 
1 7 7 
13
1 9 8 
1 4 3 
1 2 4 
1 8 4 
1 9 4 
1 10 7 
1 3 1 
1 2 1 
1 11 3 
1 7 7 
1 3 2 
1 1 10 
1 9 3 
30
2 6 1 3 2 
2 8 3 9 3 
2 3 6 3 5 
3 3 5 3 1 1 1 
3 3 8 3 1 2 1 
2 3 7 3 5 
2 10 10 10 7 
2 7 1 9 1 
2 9 1 8 4 
2 6 5 5 6 
2 10 9 11 8 
3 11 8 9 6 10 10 
3 9 6 9 8 8 6 
4 7 6 7 9 8 6 9 4 
4 6 8 7 9 7 3 6 4 
4 7 9 8 8 10 10 3 8 
3 5 5 8 8 2 4 
2 8 8 9 8 
2 9 4 8 1 
2 6 4 8 4 
2 8 1 6 1 
3 5 1 8 1 8 3 
2 1 1 2 1 
3 6 2 7 3 3 2 
3 5 6 5 3 5 1 
3 5 3 4 3 7 1 
3 7 3 5 3 8 3 
2 4 4 4 3 
4 8 6 4 4 9 1 9 3 
2 1 4 2 4 
