12 12
0
17
2 5 3 0 1 
2 3 8 10 0 
2 11 4 1 2 
1 7 6 
1 8 7 
1 3 7 
1 5 1 
1 4 5 
1 3 4 
1 2 10 
1 10 9 
9 8 3 7 5 8 11 6 8 7 2 1 6 5 3 3 8 11 4 
2 8 3 6 10 
2 8 11 4 11 
2 6 8 1 11 
2 7 2 1 5 
2 1 6 3 1 
16
1 8 5 
1 8 9 
1 4 8 
1 6 10 
1 6 1 
1 4 11 
1 4 6 
1 1 11 
1 3 3 
1 1 5 
1 1 8 
1 3 1 
1 10 6 
1 0 1 
1 10 0 
1 1 2 
17
2 11 4 10 6 
2 10 9 10 6 
2 2 10 1 8 
2 3 8 1 8 
2 5 3 3 3 
2 3 4 3 3 
2 8 11 8 9 
2 8 3 8 5 
9 7 5 7 6 8 7 3 7 5 1 4 5 3 4 2 10 10 9 
2 7 6 8 5 
2 4 5 4 6 
2 6 8 4 8 
2 3 7 4 8 
2 5 1 6 1 
2 7 2 6 1 
2 1 6 4 6 
2 8 7 8 9 
