12 12
0
10
1 6 1 
1 6 1 
2 3 4 6 2 
1 9 3 
1 10 7 
1 7 8 
2 4 7 2 1 
5 9 8 4 1 9 4 9 6 10 8 
5 6 6 4 2 11 5 7 2 11 8 
2 6 6 5 5 
7
1 0 3 
1 8 10 
1 10 5 
1 11 6 
1 9 6 
1 3 6 
1 2 1 
37
2 2 3 2 1 
2 4 5 3 6 
4 9 8 4 9 4 2 10 3 
2 7 8 5 8 
2 6 7 8 7 
2 8 7 8 10 
2 5 6 0 5 
2 0 5 1 4 
2 3 5 1 4 
4 11 5 7 5 9 5 10 5 
6 5 5 7 5 9 4 10 3 10 8 3 6 
3 7 5 0 5 9 6 
3 10 7 5 6 9 5 
2 9 3 7 4 
4 9 4 7 4 10 5 11 6 
3 7 4 5 6 6 7 
2 9 6 8 7 
2 9 5 6 7 
2 11 8 11 6 
2 1 4 0 3 
3 5 2 7 2 4 5 
2 6 2 5 2 
2 10 3 8 3 
2 7 2 8 3 
2 6 9 8 10 
2 8 3 6 9 
2 3 4 3 5 
3 4 2 3 4 4 5 
3 4 7 2 6 6 9 
2 4 9 4 7 
2 5 8 4 9 
3 6 6 5 8 4 1 
2 5 0 3 5 
3 4 1 5 0 2 3 
3 6 1 5 0 5 2 
2 2 6 0 3 
2 10 8 11 8 
