12 12
0
7
6 4 7 10 10 2 5 4 1 11 0 6 7 
5 11 6 4 7 10 7 6 10 10 9 
5 4 3 9 3 11 0 0 2 11 10 
5 7 10 6 5 4 1 8 11 2 3 
3 7 8 10 10 5 3 
4 8 8 9 1 10 6 11 2 
4 7 10 6 5 2 5 6 7 
4
1 10 1 
1 5 8 
1 11 3 
1 3 3 
80
3 10 3 9 3 11 2 
3 9 3 8 4 11 5 
2 6 9 5 7 
5 2 5 7 6 7 1 4 8 2 6 
2 7 6 5 7 
2 5 7 3 9 
2 3 8 2 9 
2 2 9 3 9 
3 3 9 8 4 9 2 
3 4 1 10 3 7 1 
2 10 6 11 3 
2 9 10 10 6 
2 11 5 6 3 
2 11 2 11 5 
2 9 6 11 7 
2 9 11 9 6 
2 11 10 9 10 
2 11 7 11 10 
2 9 2 6 3 
5 4 3 5 2 6 9 3 8 6 2 
2 7 10 7 11 
7 7 8 8 9 5 6 7 6 8 6 10 5 9 11 
4 8 9 8 5 6 6 4 5 
3 7 11 8 5 5 3 
6 11 6 8 9 5 6 6 9 10 3 8 3 
2 6 3 11 3 
3 8 5 9 7 7 2 
3 9 7 5 10 8 10 
2 2 3 3 3 
2 3 7 3 6 
3 2 6 2 3 3 7 
2 3 6 3 3 
2 7 2 10 5 
2 7 5 7 2 
2 3 4 5 4 
2 7 3 10 1 
2 2 2 7 3 
2 1 2 2 2 
2 0 2 1 2 
2 5 4 5 8 
2 10 5 5 4 
2 4 8 4 11 
2 4 11 9 10 
2 10 9 11 7 
2 8 10 6 10 
2 6 10 7 9 
2 4 5 7 9 
2 7 9 5 8 
3 6 7 9 6 2 6 
3 8 11 9 11 3 6 
3 7 1 10 7 3 5 
2 8 3 8 2 
3 5 3 8 0 8 3 
2 8 4 9 9 
3 8 0 8 8 9 2 
2 11 0 8 0 
2 9 9 7 4 
2 8 8 9 9 
2 9 1 7 3 
2 7 4 10 1 
3 3 5 1 4 3 4 
2 1 4 0 2 
2 6 2 2 2 
3 6 6 1 4 4 8 
2 10 2 8 2 
2 8 2 6 2 
2 8 6 9 4 
2 9 4 10 2 
3 10 7 10 2 7 5 
5 7 7 9 4 3 5 4 5 10 9 
2 5 2 7 4 
2 5 10 5 2 
2 10 10 9 8 
3 6 8 5 9 7 5 
3 4 7 6 8 8 6 
5 6 5 6 8 9 8 3 8 7 7 
2 5 9 5 10 
2 10 11 5 9 
6 5 6 10 11 2 9 1 2 3 4 4 11 
3 9 8 10 11 8 10 
