23
4 7
7 6
3 6
8 7
4 8
6 4
6 8
4 3
5 5
4 5
7 7
6 6
7 5
5 2
3 4
4 4
5 3
4 2
5 8
4 6
6 5
3 3
6 7
19
1 4 7
1 7 6
1 3 6
0 8 7
2 4 8
3 6 4
3 6 8
2 4 3
1 5 5
0 4 5
2 7 7
3 6 6
3 4 3
3 7 5
2 6 8
3 8 7
3 3 6
3 5 2
2 3 4
1
1 4 4
25
5 2 4 5 2 4 6 2 4 7 2 5 7 2 5 8 
2 3 7 7 3 7 6 
2 1 7 6 1 7 5 
7 1 4 8 1 4 7 1 4 6 1 5 6 1 6 6 1 6 5 1 7 5 
3 1 6 4 1 7 4 1 7 5 
6 1 4 7 1 4 6 1 5 6 1 6 6 1 7 6 1 7 5 
3 1 4 2 1 5 2 1 5 3 
3 0 6 7 0 7 7 0 8 7 
2 0 4 6 0 3 6 
3 1 5 5 1 5 4 1 6 4 
5 1 4 4 2 4 4 2 5 4 2 5 3 1 5 2 
3 0 4 4 0 3 4 0 3 3 
8 2 3 3 2 3 2 2 4 2 2 5 2 2 6 2 2 6 3 2 6 4 2 6 5 
3 0 6 6 0 5 6 0 4 6 
8 2 4 2 3 4 2 3 3 2 3 3 3 3 3 4 3 3 5 2 3 5 2 4 5 
2 3 5 3 3 4 3 
2 2 5 2 2 4 2 
2 0 6 7 0 7 7 
2 0 3 3 0 3 4 
2 3 5 8 3 4 8 
2 1 4 6 1 4 7 
4 1 5 3 0 5 3 0 5 4 1 5 5 
6 1 6 5 3 6 5 3 5 5 3 5 6 3 5 7 1 6 7 
2 1 6 5 1 6 6 
2 3 5 8 3 6 8 
0
