21
8 7
4 7
5 4
7 8
4 5
6 5
5 9
5 7
5 8
6 6
7 6
8 6
5 5
4 6
9 8
6 9
5 6
2 6
7 7
6 7
3 6
12
1 8 7
1 4 7
3 5 4
0 8 7
3 7 8
2 4 5
3 6 5
0 5 9
3 5 7
2 6 5
2 5 8
2 6 6
10
0 7 6
0 8 6
3 5 5
2 4 6
1 9 8
2 6 9
2 5 6
2 2 6
2 7 7
0 6 7
26
4 1 8 6 1 7 6 1 7 7 1 7 8 
3 1 6 7 1 7 7 1 7 8 
3 1 6 9 1 7 9 1 7 8 
7 3 9 8 3 9 9 3 8 9 3 7 9 3 6 9 3 6 8 3 5 8 
6 3 2 6 3 2 7 3 2 8 3 3 8 3 4 8 3 5 8 
3 3 6 9 3 5 9 3 5 8 
5 3 5 6 3 6 6 3 6 7 3 6 8 3 5 8 
2 1 6 7 1 5 7 
3 1 7 7 1 6 7 1 5 7 
3 1 5 6 1 5 5 1 5 4 
2 1 5 5 1 5 4 
3 2 5 7 2 6 7 2 6 6 
2 0 2 6 0 3 6 
2 0 4 6 0 3 6 
3 2 3 6 2 3 7 2 4 7 
7 2 7 8 2 6 8 1 6 8 1 5 8 1 4 8 2 4 8 2 4 7 
2 2 5 5 2 6 5 
3 2 7 6 2 7 5 2 6 5 
6 2 4 6 1 4 6 1 4 5 0 4 5 0 5 5 2 6 5 
4 2 8 6 2 8 5 2 7 5 2 6 5 
2 0 7 7 0 8 7 
3 0 7 6 0 7 7 0 8 7 
3 0 9 8 0 8 8 0 8 7 
2 0 5 8 0 5 9 
3 0 3 6 0 3 5 0 4 5 
3 0 5 4 0 4 4 0 4 5 
0
