24
6 5
7 7
7 5
8 7
6 4
6 1
7 3
10 3
8 9
5 1
7 6
10 5
5 5
9 6
9 5
6 6
6 9
8 6
6 10
5 2
5 9
6 3
6 7
7 9
9
0 6 5
2 7 7
0 7 5
3 6 5
3 8 7
2 6 4
1 6 1
0 6 4
0 7 3
3
2 10 3
3 8 9
1 5 1
32
3 2 6 6 2 5 6 2 5 5 
6 2 6 9 2 6 8 2 5 8 2 5 7 2 5 6 2 5 5 
3 2 6 10 2 5 10 2 5 9 
6 0 10 5 2 10 5 2 9 5 2 8 5 2 7 5 0 6 5 
2 0 5 5 0 6 5 
2 2 9 5 2 9 6 
3 0 6 3 0 6 2 0 6 1 
4 2 5 1 2 6 1 2 6 2 2 6 3 
6 2 6 7 1 6 7 1 6 6 1 6 5 1 6 4 2 6 3 
2 1 7 6 1 7 7 
3 3 7 6 3 8 6 3 8 7 
5 2 10 5 1 10 5 1 9 5 1 8 5 2 7 5 
3 2 5 5 2 6 5 2 7 5 
4 2 9 6 2 8 6 2 7 6 2 7 5 
2 2 7 9 2 6 9 
4 0 8 9 0 7 9 0 7 10 0 6 10 
6 1 9 5 1 9 6 1 8 6 0 8 6 0 7 6 1 6 6 
6 1 5 2 1 5 3 1 5 4 1 5 5 1 5 6 1 6 6 
6 1 6 10 3 6 10 3 6 9 3 6 8 3 6 7 1 6 6 
2 2 5 1 2 5 2 
4 0 7 9 0 6 9 0 6 8 0 6 7 
4 0 5 9 0 6 9 0 6 8 0 6 7 
2 1 9 6 1 8 6 
4 1 10 3 1 10 4 1 9 4 1 9 5 
4 3 5 2 3 5 3 3 5 4 3 6 4 
6 3 6 7 3 6 6 3 5 6 3 5 5 3 5 4 3 6 4 
2 3 6 3 3 7 3 
3 3 10 3 3 10 4 3 10 5 
2 2 8 9 2 7 9 
7 1 6 9 1 6 8 1 7 8 1 8 8 1 8 7 1 8 6 1 7 6 
2 1 6 6 1 7 6 
2 1 8 6 1 7 6 
0
