12 12
0
21
3 3 4 7 6 5 11 
4 5 0 5 5 1 6 5 10 
2 6 8 1 1 
2 1 4 10 11 
2 2 3 4 9 
2 11 7 2 8 
2 6 6 10 4 
1 7 11 
1 1 2 
1 3 7 
1 6 11 
1 8 4 
1 3 10 
1 6 2 
1 9 10 
2 0 10 5 2 
1 0 10 
1 5 2 
2 6 6 9 2 
7 5 9 4 4 5 7 4 5 4 10 8 3 10 6 
1 4 7 
20
1 2 3 
1 2 8 
1 5 10 
1 10 11 
1 1 1 
1 0 9 
1 0 10 
1 6 6 
1 5 11 
1 4 0 
1 4 8 
1 9 2 
1 4 1 
1 3 0 
1 1 8 
1 5 7 
1 4 3 
1 3 9 
1 11 6 
1 10 5 
41
2 6 11 6 9 
2 6 9 5 7 
2 1 4 4 3 
3 7 6 7 3 6 8 
2 1 7 1 8 
5 4 4 7 3 4 1 3 0 1 7 
2 5 9 4 8 
2 7 11 7 9 
2 7 9 5 9 
13 5 5 4 7 7 9 7 6 6 11 1 4 6 4 4 9 3 11 11 7 6 3 10 4 9 8 
2 4 7 4 8 
3 3 1 4 0 3 0 
2 6 2 6 3 
2 6 4 4 5 
2 2 2 4 1 
2 3 2 3 3 
2 6 8 6 9 
2 9 8 10 6 
4 5 3 3 1 2 2 1 7 
5 5 2 5 3 5 5 3 2 3 5 
2 3 3 2 2 
2 1 2 3 2 
2 7 3 9 2 
2 8 4 6 4 
3 3 4 3 1 3 3 
2 5 0 5 3 
2 0 10 0 9 
2 3 7 3 5 
2 10 6 10 5 
2 3 11 4 10 
2 11 7 11 6 
2 9 10 9 8 
2 4 5 4 3 
2 3 10 3 11 
2 4 9 3 9 
2 3 5 1 6 
2 1 6 1 8 
2 6 3 8 3 
2 4 10 3 9 
2 10 4 10 5 
2 8 3 11 6 
