12 12
0
12
2 3 5 0 5 
1 0 6 
1 8 9 
1 5 4 
2 0 1 2 5 
2 1 2 4 2 
1 8 6 
1 6 7 
3 5 3 0 3 2 10 
2 6 9 10 5 
6 6 2 8 9 0 6 1 3 2 2 0 5 
2 6 6 10 7 
2
1 6 4 
1 9 6 
41
2 5 4 4 4 
7 6 2 4 4 6 7 8 6 3 6 4 2 2 5 
3 6 9 7 7 4 10 
2 10 7 9 6 
2 4 4 4 8 
5 5 3 6 8 4 7 4 3 4 6 
2 1 6 4 6 
2 4 6 5 6 
2 0 5 1 6 
2 2 5 1 6 
2 2 2 2 6 
2 2 6 2 10 
3 0 6 0 8 2 4 
2 1 2 1 3 
2 1 3 0 3 
2 0 3 0 8 
2 0 8 1 10 
2 3 5 3 6 
2 3 6 2 6 
2 0 1 2 2 
2 5 6 10 5 
2 5 5 5 6 
2 4 3 5 5 
2 10 5 10 7 
2 1 10 4 10 
2 2 10 1 10 
2 6 5 6 4 
2 4 10 6 5 
2 9 5 9 6 
2 4 2 4 3 
2 2 4 5 5 
2 6 6 6 5 
3 7 7 6 4 9 5 
2 8 9 8 7 
2 4 8 5 7 
2 6 8 4 8 
2 6 7 6 8 
2 5 7 7 7 
2 4 7 5 7 
2 8 7 4 7 
2 8 6 8 7 
