12 12
0
21
1 8 4 
3 8 0 3 3 7 6 
4 7 1 3 6 8 2 4 3 
8 4 1 9 3 9 9 5 7 4 11 3 9 9 8 5 3 
1 6 6 
1 6 9 
1 5 3 
1 0 3 
1 4 8 
1 9 8 
1 7 5 
1 4 9 
1 6 7 
1 1 9 
1 4 11 
1 1 3 
1 9 9 
1 4 1 
1 2 11 
1 3 2 
1 8 8 
1
1 8 9 
55
2 4 3 6 3 
2 2 6 2 4 
2 7 4 8 6 
2 8 6 8 9 
2 7 5 6 4 
2 6 4 3 4 
2 3 9 4 7 
2 9 8 8 7 
2 6 8 7 7 
2 1 9 3 9 
2 6 7 7 6 
2 7 6 6 8 
2 4 8 5 8 
2 5 8 6 8 
2 6 5 8 6 
2 8 2 8 3 
2 1 3 2 2 
2 2 2 1 2 
2 9 9 10 8 
10 5 7 8 8 2 2 3 2 2 11 5 8 6 7 1 4 4 9 7 5 
2 8 8 10 8 
2 10 8 7 3 
2 7 3 7 0 
2 7 0 7 1 
2 7 1 6 5 
3 6 6 5 6 7 4 
2 3 4 4 4 
2 4 4 4 3 
2 6 3 7 4 
2 5 6 6 5 
2 3 6 5 6 
2 1 4 2 4 
2 0 3 1 4 
2 8 3 6 3 
2 7 7 8 3 
2 4 7 7 7 
2 8 7 4 7 
2 1 1 1 2 
2 3 2 1 1 
2 4 11 3 11 
2 1 2 2 3 
2 3 11 3 8 
2 2 11 3 11 
2 2 3 3 6 
2 3 8 2 3 
7 3 3 7 3 1 1 3 8 8 7 2 6 3 4 
2 4 0 7 0 
2 5 3 6 4 
2 6 9 8 9 
2 2 4 4 4 
2 8 0 4 0 
2 9 3 8 0 
2 8 4 9 3 
2 4 1 4 0 
2 4 9 2 6 
