12 12
0
14
1 6 4 
1 6 3 
1 9 5 
2 7 8 8 6 
2 9 5 8 7 
2 9 7 8 6 
1 4 8 
1 8 4 
1 8 5 
1 4 6 
3 10 3 10 2 0 8 
3 4 7 3 7 5 5 
2 3 3 4 3 
1 4 6 
5
1 5 3 
1 5 11 
1 8 2 
1 6 7 
1 7 5 
40
2 6 4 9 4 
2 8 7 6 7 
2 3 1 5 2 
2 5 2 8 2 
2 4 5 4 4 
2 4 4 3 1 
2 4 3 4 4 
2 5 5 4 5 
2 5 8 5 11 
2 0 8 3 8 
3 4 6 7 6 6 7 
2 7 6 6 6 
5 6 6 10 1 3 9 5 2 8 3 
2 10 2 10 1 
2 10 1 11 3 
2 11 3 5 3 
2 4 8 5 8 
2 3 3 3 1 
2 8 4 8 2 
2 7 4 7 5 
2 8 3 7 4 
2 6 5 7 4 
2 9 4 7 5 
3 3 8 4 7 3 7 
2 5 7 3 8 
2 3 7 3 9 
3 4 7 4 11 3 3 
2 4 11 5 11 
2 3 9 4 11 
2 10 6 8 4 
2 8 6 6 6 
3 10 3 11 3 4 5 
2 5 4 5 3 
5 9 7 5 4 5 8 10 6 9 4 
3 7 8 9 7 7 7 
2 6 3 5 4 
4 10 4 10 3 10 2 8 3 
4 7 7 10 4 5 7 6 5 
3 9 5 7 7 7 6 
4 8 5 10 4 5 7 6 5 
