12 12
0
16
1 11 4 
1 10 7 
1 2 6 
1 4 3 
2 4 3 9 6 
2 5 0 6 7 
2 5 1 6 7 
1 7 0 
1 9 2 
1 11 5 
2 0 4 8 4 
1 11 4 
2 3 6 5 4 
2 3 2 3 10 
2 6 4 2 2 
1 9 6 
5
1 9 7 
1 2 5 
1 6 3 
1 8 2 
1 10 6 
37
2 6 2 8 2 
2 2 2 4 2 
2 4 2 6 2 
2 11 2 8 2 
2 6 4 6 2 
2 9 2 11 2 
2 5 9 4 6 
2 4 6 6 3 
4 3 6 4 5 3 3 2 10 
2 5 4 5 5 
2 7 4 8 4 
2 8 4 8 6 
5 6 7 8 6 5 5 5 9 4 2 
2 8 6 7 7 
2 7 7 9 7 
2 2 6 3 4 
2 3 4 2 5 
2 3 10 5 9 
2 2 10 3 10 
2 11 5 10 6 
2 11 4 11 5 
2 9 6 10 6 
2 4 5 2 5 
2 5 5 4 5 
2 7 0 6 0 
2 3 2 3 3 
2 6 0 6 3 
2 4 4 4 6 
4 3 3 4 4 6 4 2 2 
2 6 6 7 7 
4 2 4 6 6 3 6 5 4 
2 5 0 5 1 
2 10 7 11 7 
3 4 3 2 4 7 4 
2 0 4 2 4 
2 11 7 9 7 
5 5 1 11 7 3 4 6 0 11 2 
