12 12
0
11
1 8 3 
3 9 5 5 3 8 9 
1 1 6 
2 5 4 10 6 
1 7 5 
2 4 6 6 7 
2 6 6 8 8 
2 6 4 7 6 
2 5 6 7 7 
2 4 4 3 8 
1 3 6 
3
1 6 3 
1 8 5 
1 1 8 
37
3 5 4 6 5 5 3 
3 10 6 9 5 9 7 
3 7 5 5 4 10 6 
2 9 5 6 5 
4 6 5 4 3 6 1 7 9 
2 3 5 1 6 
2 1 6 1 8 
2 7 8 4 9 
2 4 9 1 8 
2 6 2 6 3 
2 8 2 8 3 
2 10 4 8 4 
4 8 4 5 2 8 5 5 7 
3 3 6 4 4 3 8 
3 4 4 5 2 4 5 
2 5 2 6 2 
2 6 1 7 4 
2 5 3 7 4 
2 7 4 6 2 
2 9 7 7 8 
2 8 9 9 7 
2 8 3 6 3 
3 4 7 4 5 5 7 
2 3 8 4 7 
2 4 5 8 5 
2 7 9 7 8 
2 5 7 4 9 
3 7 7 10 4 8 2 
2 7 6 7 7 
3 6 7 5 1 6 1 
2 8 8 6 7 
3 6 6 5 1 7 9 
2 4 6 6 6 
3 6 4 10 4 3 5 
2 5 6 6 4 
4 4 3 8 4 8 2 3 5 
2 5 1 4 3 
