12 12
0
16
3 5 3 1 3 9 3 
1 2 7 
1 6 7 
1 2 7 
1 2 9 
2 4 5 8 4 
2 3 10 7 4 
2 3 10 6 11 
3 8 6 11 3 6 11 
3 10 2 3 4 10 4 
2 4 4 8 10 
3 6 5 7 10 9 3 
2 6 5 7 8 
2 3 7 7 8 
2 5 8 3 7 
2 5 8 6 1 
4
1 5 6 
1 6 3 
1 6 1 
1 9 6 
42
2 8 7 8 8 
3 6 2 6 3 6 1 
2 5 5 5 7 
2 5 7 6 2 
2 6 6 5 5 
2 3 4 5 5 
2 5 9 5 7 
3 7 8 6 6 8 7 
2 11 3 8 3 
2 8 3 6 4 
3 3 10 2 9 5 10 
2 2 9 2 6 
2 2 6 3 6 
2 3 6 5 6 
2 5 3 6 3 
3 7 4 8 4 8 5 
2 8 4 8 3 
2 8 10 5 9 
2 7 10 8 10 
2 9 4 9 6 
2 10 4 9 4 
2 8 5 10 4 
2 9 3 9 4 
2 8 8 9 6 
2 7 11 8 8 
3 5 8 3 5 7 11 
2 1 3 3 3 
2 3 5 3 3 
2 3 7 3 5 
2 6 4 6 2 
2 3 3 6 4 
2 5 10 5 9 
3 6 11 5 10 7 11 
2 2 7 2 6 
2 4 6 3 6 
2 6 7 4 6 
3 6 5 6 7 6 6 
4 4 4 5 6 3 4 8 5 
2 8 6 4 6 
2 9 5 8 6 
3 10 2 9 5 11 3 
4 4 5 9 5 1 3 8 7 
