12 12
0
21
1 8 11 
1 11 7 
4 3 7 6 5 3 4 8 3 
6 4 7 2 6 4 2 8 10 3 5 6 6 
7 8 9 1 7 5 8 4 3 2 5 7 2 7 4 
1 9 7 
1 0 6 
1 5 4 
1 10 4 
2 3 3 5 5 
1 3 2 
1 5 10 
1 4 11 
2 3 8 0 4 
1 9 8 
1 10 7 
1 6 4 
1 7 2 
1 4 9 
1 9 3 
1 2 5 
1
1 10 9 
65
2 1 6 1 7 
2 1 7 3 7 
2 10 4 8 4 
3 8 4 9 6 1 6 
4 4 6 9 6 0 2 6 9 
2 9 6 6 7 
2 6 7 4 8 
2 4 8 2 7 
2 0 6 2 6 
2 2 6 1 6 
2 8 5 9 5 
2 8 3 8 5 
2 9 7 10 9 
2 9 5 9 7 
2 6 6 8 6 
2 11 6 6 6 
2 8 2 8 3 
2 8 6 8 2 
2 7 9 5 7 
2 8 10 7 9 
2 9 4 8 10 
2 9 3 9 4 
2 4 9 7 9 
2 6 9 5 7 
2 8 11 6 9 
2 10 6 10 9 
2 2 5 3 5 
2 5 7 4 5 
2 6 4 7 4 
2 7 4 7 5 
2 7 5 5 3 
2 5 3 8 2 
2 3 5 3 4 
2 3 4 4 5 
2 4 5 8 5 
2 7 2 5 3 
2 9 8 8 6 
2 10 7 11 6 
2 3 2 4 2 
3 4 10 6 2 0 2 
2 2 7 3 6 
2 3 7 2 7 
2 5 10 5 9 
2 6 5 5 6 
2 5 9 5 8 
2 3 8 5 9 
2 4 11 4 10 
2 5 8 0 7 
2 5 6 3 6 
2 3 6 10 6 
2 0 5 0 7 
2 0 7 5 6 
2 0 2 0 3 
2 0 3 0 5 
2 4 3 0 5 
2 0 4 0 3 
2 4 2 6 2 
2 6 2 4 3 
2 5 5 6 7 
2 5 4 4 8 
3 11 7 10 6 9 5 
2 4 4 5 4 
2 3 3 4 4 
7 4 7 3 3 8 4 4 6 3 8 4 10 7 5 
7 8 9 4 4 4 6 4 9 9 4 9 8 11 6 
