12 12
0
16
2 8 6 5 7 
2 9 9 8 9 
2 9 9 8 11 
2 3 7 4 8 
2 0 8 4 8 
2 3 9 1 10 
2 6 9 0 11 
2 5 6 6 0 
2 3 6 5 0 
2 8 6 5 7 
2 10 6 2 7 
2 9 1 11 3 
2 10 1 11 3 
2 7 6 0 6 
3 4 0 7 5 2 0 
3 6 6 4 2 3 1 
1
1 5 2 
80
2 11 7 11 5 
2 3 7 3 8 
2 8 8 7 8 
2 7 8 8 4 
3 8 4 7 0 8 1 
2 6 9 3 9 
2 3 9 1 9 
2 1 10 0 11 
2 0 11 1 9 
3 1 9 11 7 9 8 
2 6 5 5 5 
2 2 6 5 5 
2 6 3 6 4 
3 5 5 7 7 2 5 
3 9 3 5 3 6 3 
2 1 3 5 3 
2 4 7 6 7 
3 5 3 4 7 4 4 
2 7 7 6 7 
3 6 4 7 7 2 5 
2 9 9 9 11 
2 8 9 8 10 
2 7 2 4 1 
2 4 1 3 2 
2 6 7 6 1 
2 6 1 5 2 
2 3 4 3 2 
2 3 2 5 2 
2 2 5 3 4 
2 4 4 3 4 
2 3 3 4 9 
3 2 1 3 3 2 6 
2 3 1 2 1 
2 2 0 2 1 
3 11 4 3 3 2 6 
2 8 5 11 4 
2 4 3 4 9 
3 5 4 4 3 6 5 
2 9 1 10 2 
3 4 9 4 7 4 4 
2 10 6 7 6 
2 7 6 7 4 
2 0 6 2 7 
2 2 7 7 4 
2 10 1 10 2 
2 10 2 9 2 
2 11 3 9 2 
3 9 2 3 5 9 3 
3 7 4 3 5 9 3 
3 3 5 1 3 6 4 
2 10 0 9 0 
3 7 0 10 0 4 1 
2 3 8 4 5 
2 0 8 3 8 
3 4 5 9 5 9 8 
2 4 8 4 5 
2 11 5 10 5 
2 9 5 11 5 
3 10 5 7 0 8 1 
2 9 8 10 5 
3 4 2 7 5 2 0 
2 7 5 5 4 
3 4 0 6 6 3 1 
2 6 6 5 4 
3 5 7 2 4 8 5 
3 2 4 4 3 6 5 
3 8 6 1 5 11 4 
2 1 5 2 4 
3 8 1 9 0 7 2 
2 9 0 6 1 
2 8 7 8 4 
2 9 4 8 7 
2 5 6 3 6 
3 9 11 8 7 8 8 
2 8 10 9 11 
2 8 11 8 10 
3 4 6 9 4 7 8 
2 6 0 4 6 
2 5 0 6 0 
2 3 6 4 6 
