12 12
0
19
1 6 11 
2 6 2 7 1 
1 6 7 
2 8 8 3 4 
1 8 9 
1 7 11 
1 4 0 
1 2 10 
1 3 9 
1 9 2 
1 4 8 
1 4 5 
9 4 8 8 6 4 5 8 9 7 11 4 0 2 10 3 9 9 2 
1 9 6 
1 11 4 
3 8 2 6 8 8 4 
2 8 2 8 4 
1 4 2 
2 7 6 7 5 
9
1 5 7 
1 9 4 
1 3 7 
1 7 8 
1 8 10 
1 4 1 
1 3 8 
1 4 9 
1 10 2 
48
2 6 6 3 8 
2 6 3 5 3 
2 3 9 4 9 
2 7 10 7 9 
2 2 10 3 8 
2 8 9 7 8 
2 4 0 4 1 
2 6 8 5 8 
2 5 8 7 8 
2 3 6 4 4 
2 4 4 9 4 
2 4 5 4 4 
3 3 4 3 6 3 7 
4 6 5 4 7 8 7 3 6 
3 4 7 5 6 3 7 
2 7 9 4 9 
3 6 7 6 5 5 4 
3 6 11 5 5 7 10 
3 4 2 6 1 6 3 
4 8 2 6 1 9 3 6 3 
4 6 1 7 6 7 3 7 5 
4 7 6 5 5 8 5 7 10 
4 5 5 6 2 10 9 7 1 
4 6 2 6 5 5 4 6 4 
2 8 5 6 6 
2 8 7 9 4 
2 8 8 8 7 
2 7 5 6 6 
2 7 4 8 10 
2 8 1 7 4 
2 8 4 8 1 
2 9 3 8 1 
2 7 11 8 10 
2 11 4 9 6 
2 5 4 2 4 
8 8 6 2 4 9 7 3 4 5 8 7 4 8 5 6 4 
2 9 6 8 6 
2 5 6 5 7 
2 2 4 5 6 
4 9 7 8 8 7 3 10 9 
2 7 3 5 3 
2 4 8 5 7 
2 5 3 4 1 
2 7 2 10 2 
2 9 2 10 2 
2 6 4 7 2 
2 7 1 7 2 
2 10 9 7 9 
