12 12
0
16
1 11 0 
1 10 0 
1 8 5 
4 8 0 2 5 7 4 3 3 
1 9 7 
1 9 6 
1 9 7 
1 4 2 
1 4 2 
1 4 3 
1 4 3 
3 3 5 9 2 4 1 
1 8 4 
2 4 6 6 5 
3 6 7 6 5 5 6 
1 9 9 
13
1 6 8 
1 6 6 
1 7 1 
1 3 4 
1 5 6 
1 9 2 
1 4 0 
1 5 2 
1 11 0 
1 9 9 
1 1 3 
1 10 0 
1 9 3 
30
2 3 3 1 3 
2 7 3 9 3 
2 4 2 3 2 
3 3 2 4 0 5 1 
3 4 1 4 0 5 2 
2 4 3 3 2 
2 8 2 9 2 
2 7 4 5 3 
2 5 3 3 4 
2 9 7 9 6 
2 8 5 8 4 
3 8 4 7 5 8 2 
3 7 5 6 8 6 4 
4 4 6 4 5 6 4 5 6 
4 6 7 4 5 8 7 2 5 
4 4 5 6 9 8 2 4 1 
3 6 5 6 9 7 1 
2 6 9 6 8 
2 5 6 5 4 
2 2 5 3 4 
2 5 4 3 3 
3 8 6 5 4 7 3 
2 5 1 5 2 
3 3 5 8 7 1 3 
3 9 6 9 5 8 6 
3 9 5 6 6 7 4 
3 8 7 9 5 7 3 
2 5 5 6 6 
4 6 4 5 5 5 3 9 3 
2 8 0 7 1 
