12 12
0
17
2 0 3 2 7 
2 5 4 4 7 
2 5 6 5 3 
1 1 0 
1 9 4 
1 1 4 
1 4 3 
1 5 0 
1 3 3 
1 4 4 
1 7 4 
9 3 0 5 1 10 8 2 5 5 2 4 1 0 3 5 4 5 6 
2 3 0 11 0 
2 10 8 0 4 
2 2 5 11 4 
2 5 2 4 11 
2 4 1 5 8 
16
1 2 0 
1 10 7 
1 2 4 
1 11 0 
1 4 2 
1 0 4 
1 6 0 
1 11 4 
1 2 3 
1 4 11 
1 5 5 
1 5 8 
1 6 6 
1 2 7 
1 4 7 
1 5 3 
17
2 5 6 6 6 
2 7 4 6 6 
2 4 4 5 5 
2 5 4 5 5 
2 0 3 2 3 
2 3 3 2 3 
2 10 8 10 7 
2 3 0 2 0 
9 5 1 1 0 9 4 1 4 4 3 5 0 3 3 4 4 7 4 
2 1 0 2 0 
2 5 0 6 0 
2 2 5 2 4 
2 1 4 2 4 
2 4 3 4 2 
2 5 2 4 2 
2 4 1 6 0 
2 9 4 10 7 
