12 12
0
10
1 6 3 
1 6 3 
2 3 3 0 4 
1 9 6 
1 6 6 
1 10 2 
2 9 10 6 7 
5 4 7 7 7 8 5 5 10 5 1 
5 9 5 3 6 7 6 2 7 8 1 
2 9 5 6 5 
7
1 9 9 
1 6 11 
1 9 4 
1 8 2 
1 5 10 
1 2 8 
1 6 7 
37
2 6 8 6 7 
2 3 8 2 8 
4 4 7 9 7 3 6 2 9 
2 10 2 9 3 
2 4 9 6 9 
2 6 9 6 11 
2 5 7 5 8 
2 5 8 7 8 
2 7 3 7 8 
4 7 6 4 8 5 6 9 4 
6 6 5 4 8 8 5 2 9 5 1 2 8 
3 4 8 5 8 5 10 
3 6 6 5 7 5 6 
2 9 6 8 7 
4 8 5 8 7 9 4 8 2 
3 8 7 5 7 4 9 
2 5 10 6 9 
2 5 6 4 9 
2 8 1 8 2 
2 7 8 9 9 
3 2 4 2 7 3 8 
2 0 4 2 4 
2 2 9 2 10 
2 2 7 2 10 
2 7 11 6 11 
2 2 10 7 11 
2 3 3 7 3 
3 3 6 3 3 3 8 
3 9 10 9 8 7 11 
2 9 7 9 10 
2 9 3 9 7 
3 9 5 9 3 7 7 
2 7 4 7 3 
3 7 7 7 4 6 8 
3 6 3 7 4 2 4 
2 9 8 9 9 
2 5 1 8 1 
