12 12
0
7
6 7 6 1 9 2 2 4 9 11 3 2 5 
5 10 3 7 6 6 6 5 10 0 6 
5 6 2 9 8 11 3 4 5 1 6 
5 10 0 5 8 4 9 4 10 5 4 
3 8 6 1 9 8 4 
4 4 1 5 2 9 6 10 9 
4 10 0 5 8 2 2 2 5 
4
1 8 0 
1 7 10 
1 9 5 
1 9 4 
80
3 7 7 9 8 10 9 
3 9 8 6 1 9 3 
2 11 5 4 4 
5 2 2 3 3 3 9 2 6 3 6 
2 3 3 4 4 
2 4 4 3 4 
2 10 8 7 4 
2 7 4 3 4 
3 3 4 6 1 4 3 
3 4 9 7 7 3 9 
2 9 6 9 5 
2 5 6 9 6 
2 9 3 7 2 
2 10 9 9 3 
2 4 6 1 4 
2 2 9 4 6 
2 1 6 5 6 
2 1 4 1 6 
2 4 3 7 2 
5 6 2 7 1 11 5 10 8 2 3 
2 10 0 10 2 
7 8 6 8 8 7 5 3 3 4 7 8 1 2 9 
4 8 8 10 4 6 4 4 8 
3 10 2 10 4 8 4 
6 10 3 8 8 7 5 11 5 7 7 10 5 
2 7 2 9 5 
3 10 4 10 6 10 1 
3 10 6 8 5 7 8 
2 5 4 9 4 
2 6 10 8 10 
3 3 6 5 4 6 10 
2 8 10 9 4 
2 10 1 8 1 
2 10 7 10 1 
2 9 7 7 9 
2 4 2 8 0 
2 3 1 4 2 
2 3 0 3 1 
2 4 5 3 0 
2 7 9 7 10 
2 8 1 7 9 
2 2 6 1 5 
2 1 5 5 6 
2 0 6 1 4 
2 7 8 5 10 
2 5 10 6 9 
2 4 8 6 9 
2 6 9 7 10 
3 2 5 4 6 3 6 
3 4 10 2 9 8 10 
3 3 9 6 6 6 7 
2 10 5 7 3 
3 8 4 6 3 10 5 
2 6 1 6 0 
3 6 3 4 1 4 3 
2 11 3 6 3 
2 6 0 7 0 
2 4 1 6 0 
2 5 2 4 2 
2 7 0 8 0 
3 6 7 3 5 9 7 
2 3 5 4 5 
2 2 3 3 1 
3 6 4 3 5 2 6 
2 6 5 7 3 
2 7 3 2 3 
2 4 7 5 5 
2 5 5 6 5 
3 6 6 6 5 10 7 
5 2 7 5 5 6 7 4 8 0 6 
2 7 1 7 0 
2 8 5 7 1 
2 1 9 1 8 
3 5 7 8 7 10 7 
3 7 6 5 7 4 7 
5 5 8 5 7 1 8 10 8 2 7 
2 8 7 8 5 
2 2 8 8 7 
6 7 5 2 8 7 4 3 0 9 7 1 5 
3 1 8 2 8 7 8 
